--------reopened--------
0 0 0 4000
0 0 0 4000
0 0 0 4000
0 0 0 4000
0 0 0 4000
0 0 0 4000
0 0 0 4000
0 0 0 4000
0 0 0 4000
0 0 0 4000
0 0 0 4000
0 0 0 4000
0 0 0 4000
0 0 0 4000
0 0 0 4000
0 0 0 4000
0 0 0 4000
0 0 0 4000
0 0 0 4000
0 0 0 4000
0 0 0 4000
0 0 0 4000
0 0 0 4000
0 0 0 4000
0 0 0 4000
0 0 0 4000
0 0 0 4000
0 0 0 4000
0 0 0 4000
0 0 0 4000
0 0 0 4000
0 0 0 4000
0 0 0 4000
0 0 0 4000
0 0 0 4000
0 0 0 4000
0 0 0 4000
0 0 0 4000
0 0 0 4000
0 0 0 4000
0 0 0 4000
0 0 0 4000
0 0 0 4000
0 0 0 4000
0 0 0 4000
0 0 0 4000
0 0 0 4000
0 0 0 4000
0 0 0 4000
0 0 0 4000
0 0 0 4000
0 0 0 4000
0 0 0 4000
0 0 0 4000
0 0 0 4000
0 0 0 4000
0 0 0 4000
0 0 0 4000
0 0 0 4000
0 0 0 4000
0 0 0 4000
0 0 0 4000
0 0 0 4000
0 0 0 4000
0 0 0 4000
0 0 0 4000
0 0 0 4000
0 0 0 4000
0 0 0 4000
0 0 0 4000
0 0 0 4000
0 0 0 4000
0 0 0 4000
0 0 0 4000
0 0 0 4000
0 0 0 4000
0 0 0 4000
0 0 0 4000
0 0 0 4000
0 0 0 4000
0 0 0 4000
0 0 0 4000
0 0 0 4000
0 0 0 4000
0 0 0 4000
0 0 0 4000
0 0 0 4000
0 0 0 4000
0 0 0 4000
0 0 0 4000
0 0 0 4000
0 0 0 4000
0 0 0 4000
0 0 0 4000
0 0 0 4000
0 0 0 4000
0 0 0 4000
0 0 0 4000
0 0 0 4000
0 0 0 4000
0 0 0 4000
0 0 0 4000
0 0 0 4000
0 0 0 4000
0 0 0 4000
0 0 0 4000
0 0 0 4000
0 0 0 4000
0 0 0 4000
0 0 0 4000
0 0 0 4000
0 0 0 4000
0 0 0 4000
0 0 0 4000
0 0 0 4000
0 0 0 4000
0 0 0 4000
0 0 0 4000
0 0 0 4000
0 0 0 4000
0 0 0 4000
0 0 0 4000
0 0 0 4000
0 0 0 4000
0 0 0 4000
0 0 0 4000
0 0 0 4000
0 0 0 4000
0 0 0 4000
0 0 0 4000
0 0 0 4000
0 0 0 4000
0 0 0 4000
0 0 0 4000
0 0 0 4000
0 0 0 4000
0 0 0 4000
0 0 0 4000
0 0 0 4000
0 0 0 4000
0 0 0 4000
0 0 0 4000
0 0 0 4000
0 0 0 4000
0 0 0 4000
0 0 0 4000
0 0 0 4000
0 0 0 4000
0 0 0 4000
0 0 0 4000
0 0 0 4000
0 0 0 4000
0 0 0 4000
0 0 0 4000
0 0 0 4000
0 0 0 4000
0 0 0 4000
0 0 0 4000
0 0 0 4000
0 0 0 4000
0 0 0 4000
0 0 0 4000
0 0 0 4000
0 0 0 4000
0 0 0 4000
0 0 0 4000
0 0 0 4000
0 0 0 4000
0 0 0 4000
0 0 0 4000
0 0 0 4000
0 0 0 4000
0 0 0 4000
0 0 0 4000
0 0 0 4000
0 0 0 4000
0 0 0 4000
0 0 0 4000
0 0 0 4000
0 0 0 4000
0 0 0 4000
0 0 0 4000
0 0 0 4000
0 0 0 4000
0 0 0 4000
0 0 0 4000
0 0 0 4000
0 0 0 4000
0 0 0 4000
0 0 0 4000
0 0 0 4000
0 0 0 4000
0 0 0 4000
0 0 0 4000
0 0 0 4000
0 0 0 4000
0 0 0 4000
0 0 0 4000
0 0 0 4000
0 0 0 4000
0 0 0 4000
0 0 0 4000
0 0 0 4000
0 0 0 4000
0 0 0 4000
0 0 0 4000
0 0 0 4000
0 3 0 4000
2 9 0 4000
4 16 0 4000
5 15 0 4000
7 16 0 4000
9 19 0 4000
10 19 0 4000
11 19 0 4000
11 19 0 4000
12 20 0 4000
12 18 0 4000
12 20 0 4000
13 21 0 4000
13 21 0 4000
12 19 0 4000
14 26 0 4000
12 23 0 4000
14 21 0 4000
17 22 0 4000
17 19 0 4000
18 23 0 4000
14 19 0 4000
10 7 0 4000
4 3 0 4000
0 0 0 4000
0 0 0 4000
0 0 0 4000
0 0 0 4000
0 0 0 4000
0 2 0 4000
1 0 0 4000
0 0 0 4000
0 2 0 4000
0 6 0 4000
3 15 0 4000
5 4 0 4000
4 2 0 4000
2 2 0 4000
1 0 0 4000
0 0 0 4000
0 0 0 4000
0 0 0 4000
0 0 0 4000
0 3 0 4000
1 11 0 4000
4 15 0 4000
6 16 0 4000
8 18 0 4000
9 18 0 4000
11 19 0 4000
11 19 0 4000
13 18 0 4000
13 19 0 4000
15 18 0 4000
14 22 0 4000
15 22 0 4000
14 25 0 4000
15 24 0 4000
15 24 0 4000
16 19 0 4000
17 14 0 4000
15 9 0 4000
12 9 0 4000
9 6 0 4000
7 6 0 4000
3 3 0 4000
0 0 0 4000
0 0 0 4000
0 0 0 4000
0 0 0 4000
0 0 0 4000
0 0 0 4000
0 0 0 4000
0 2 0 4000
2 13 0 4000
5 16 0 4000
7 18 0 4000
9 18 0 4000
10 18 0 4000
11 20 0 4000
11 19 0 4000
10 20 0 4000
9 19 0 4000
7 19 0 4000
6 19 0 4000
4 19 0 4000
3 19 0 4000
2 19 0 4000
2 18 0 4000
3 18 0 4000
3 18 0 4000
4 17 0 4000
5 17 0 4000
5 19 0 4000
7 18 0 4000
6 19 0 4000
7 18 0 4000
7 19 0 4000
7 18 0 4000
7 18 0 4000
7 18 0 4000
9 19 0 4000
10 18 0 4000
11 18 0 4000
12 18 0 4000
14 19 0 4000
13 25 0 4000
12 34 0 4000
12 36 0 4000
10 34 0 4000
10 35 0 4000
8 29 0 4000
7 26 0 4000
7 25 0 4000
7 25 0 4000
6 25 0 4000
6 24 0 4000
6 25 0 4000
7 25 0 4000
8 24 0 4000
8 22 0 4000
10 17 0 4000
11 18 0 4000
13 17 0 4000
13 9 0 4000
10 8 0 4000
9 8 0 4000
7 7 0 4000
6 5 0 4000
4 5 0 4000
4 3 0 4000
3 2 0 4000
1 1 0 4000
0 0 0 4000
0 0 0 4000
0 0 0 4000
0 0 0 4000
0 0 0 4000
0 0 0 4000
0 0 0 4000
0 0 0 4000
0 0 0 4000
0 0 0 4000
0 0 0 4000
0 0 0 4000
0 0 0 4000
0 0 0 4000
0 0 0 4000
0 0 0 4000
0 0 0 4000
0 0 0 4000
0 0 0 4000
0 0 0 4000
0 0 0 4000
0 0 0 4000
0 0 0 4000
0 0 0 4000
0 0 0 4000
0 0 0 4000
0 0 0 4000
0 0 0 4000
0 0 0 4000
0 0 0 4000
0 0 0 4000
0 0 0 4000
0 0 0 4000
0 0 0 4000
0 0 0 4000
0 0 0 4000
0 0 0 4000
0 0 0 4000
0 0 0 4000
0 0 0 4000
0 0 0 4000
0 0 0 4000
0 0 0 4000
0 0 0 4000
0 0 0 4000
0 0 0 4000
0 0 0 4000
0 0 0 4000
0 0 0 4000
0 0 0 4000
0 0 0 4000
0 0 0 4000
0 0 1 4000
0 0 1 4035
0 0 0 4015
0 0 0 4015
0 0 1 4050
0 0 0 4030
0 0 0 4030
0 0 0 4030
0 0 1 4065
0 0 0 4045
0 0 0 4045
0 0 0 4045
0 0 0 4045
0 0 0 4045
0 0 3 4045
0 0 25 4150
0 0 30 4965
0 2 30 5515
0 1 28 5895
2 2 29 6280
3 8 27 6685
5 14 26 6810
8 14 27 6850
10 17 25 7065
10 18 25 7085
12 19 27 7170
14 19 28 7310
14 19 27 7465
16 18 27 7565
16 19 27 7720
17 19 27 7820
17 19 28 7940
18 20 27 8000
20 23 28 8000
18 22 28 8000
20 23 28 8000
20 24 27 8000
22 24 28 8000
22 25 28 8000
22 25 27 8000
22 26 23 8000
22 26 17 8000
18 27 16 7955
16 27 15 7735
14 28 16 7590
11 28 17 7390
10 26 13 7245
7 26 13 7010
6 24 12 6780
2 25 8 6500
2 22 7 6190
0 17 3 5885
0 16 0 5670
2 13 0 5450
2 12 0 5315
0 7 1 5190
2 5 0 5165
2 5 1 5165
4 3 4 5210
4 5 4 5265
5 5 3 5175
6 6 2 5110
6 7 1 4995
7 7 2 4920
6 7 5 4950
7 6 5 4920
6 6 2 4820
6 7 1 4725
6 5 1 4615
5 5 2 4630
5 4 8 4585
3 3 9 4785
4 4 10 4915
2 3 10 5005
4 3 12 5200
3 3 14 5405
4 5 13 5535
5 6 14 5650
7 8 14 5750
8 9 12 5730
9 11 10 5685
11 12 7 5525
11 13 5 5360
13 12 4 5185
12 13 1 4980
12 13 1 4780
12 11 3 4670
11 11 3 4590
10 10 2 4435
10 8 3 4370
7 7 4 4370
7 6 6 4415
5 5 8 4505
4 4 10 4640
3 4 11 4785
3 3 12 4890
2 3 12 5065
2 2 12 5200
3 3 12 5370
2 3 12 5485
5 5 12 5620
5 6 11 5685
8 8 11 5720
8 10 11 5725
10 11 10 5665
10 12 9 5595
12 13 7 5460
13 13 5 5280
13 13 1 5020
13 13 3 4910
12 12 1 4690
11 11 4 4650
12 10 3 4530
9 9 3 4445
9 9 4 4410
8 7 15 4720
6 7 16 4915
5 6 19 5155
5 6 23 5510
6 5 25 5835
6 8 24 6120
8 11 22 6300
10 13 13 6365
11 15 4 6145
12 16 13 5760
13 14 20 5875
13 20 27 6145
13 18 28 6270
12 18 25 6480
13 20 27 6525
12 19 27 6630
13 15 27 6770
11 17 25 7030
13 21 23 7070
13 22 17 6980
13 20 8 6765
12 21 0 6445
11 20 0 5950
10 19 1 5670
12 16 9 5440
12 13 9 5555
12 13 10 5555
13 13 0 5135
13 14 0 4940
12 12 0 4710
12 12 4 4710
11 10 5 4625
10 10 3 4520
9 8 4 4450
4 5 4 4430
0 0 3 4440
0 0 4 4620
0 0 2 4610
0 0 0 4570
0 0 1 4605
0 0 3 4690
0 0 7 4875
0 0 0 4735
1 0 0 4735
0 0 2 4805
0 1 0 4765
0 0 0 4730
0 0 0 4750
0 0 2 4820
0 0 1 4815
0 0 0 4795
0 0 0 4795
0 0 0 4795
0 0 0 4795
0 0 0 4795
0 0 0 4795
0 0 0 4795
0 0 0 4795
0 0 0 4795
0 0 0 4795
0 0 1 4795
0 0 1 4830
0 0 1 4845
0 0 2 4860
0 1 2 4910
0 6 2 4905
1 10 2 4745
0 13 2 4545
0 10 2 4320
0 7 3 4260
1 5 3 4280
0 0 2 4290
0 0 2 4400
0 0 2 4430
0 0 2 4460
0 1 2 4490
0 1 1 4450
0 3 2 4485
0 1 2 4430
0 0 2 4485
0 0 2 4535
0 2 2 4565
0 2 2 4525
0 4 1 4490
0 4 1 4405
0 4 1 4360
0 0 1 4315
0 0 1 4410
0 0 2 4460
0 0 1 4455
0 0 0 4435
0 0 1 4470
0 1 0 4450
0 1 0 4415
0 2 0 4400
0 1 2 4350
0 0 1 4425
0 0 0 4440
0 0 1 4420
0 0 1 4455
0 1 1 4470
0 0 1 4450
0 1 2 4485
0 0 1 4500
0 2 1 4515
0 2 2 4460
0 4 1 4480
0 2 2 4375
0 2 1 4435
0 0 2 4400
0 0 2 4490
0 1 2 4520
0 3 2 4515
0 3 2 4460
0 3 2 4445
0 3 2 4430
0 1 2 4415
0 0 2 4470
0 0 2 4520
0 2 1 4550
0 3 2 4475
0 5 2 4460
0 3 2 4375
0 3 3 4400
0 0 4 4420
0 0 4 4560
0 1 3 4585
0 3 4 4630
0 5 4 4605
0 6 4 4550
0 7 5 4500
0 7 8 4470
0 6 6 4545
0 5 6 4525
0 4 6 4610
0 5 5 4605
0 6 4 4550
0 8 2 4430
0 6 2 4300
0 4 0 4210
0 0 1 4225
0 0 0 4285
0 0 1 4320
0 0 1 4335
0 0 0 4315
0 0 0 4315
0 0 1 4350
0 0 1 4365
0 0 2 4415
0 0 2 4445
0 1 1 4440
0 0 0 4385
0 0 0 4405
0 0 0 4405
0 0 0 4405
0 0 0 4405
0 0 0 4405
0 0 0 4405
0 0 0 4405
0 0 0 4405
0 0 0 4405
0 0 0 4405
0 0 0 4405
0 0 0 4405
0 0 0 4405
0 0 0 4405
0 0 0 4405
0 0 0 4405
0 0 0 4405
0 0 0 4405
0 0 1 4405
0 0 1 4440
0 0 0 4420
0 0 0 4420
0 0 1 4455
0 0 2 4505
0 0 0 4465
0 0 2 4535
0 1 1 4530
2 0 1 4545
0 0 0 4455
0 0 0 4495
0 0 1 4530
0 0 0 4510
0 0 0 4510
0 0 0 4510
0 0 2 4580
0 0 5 4715
0 0 2 4685
0 0 1 4680
0 0 0 4660
0 0 0 4660
0 0 0 4660
0 0 0 4660
0 0 0 4660
0 0 0 4660
0 0 0 4660
0 0 0 4660
0 0 2 4730
0 0 0 4690
0 0 0 4690
0 0 0 4690
0 0 0 4690
0 0 1 4690
0 0 2 4725
0 0 0 4775
0 0 0 4735
0 0 0 4735
0 0 0 4735
0 0 1 4735
0 0 2 4770
0 0 0 4820
0 0 0 4780
0 0 0 4780
0 0 1 4780
0 0 1 4815
0 0 0 4830
0 0 0 4810
0 0 0 4810
0 0 1 4810
0 0 1 4845
0 0 1 4860
0 0 0 4875
0 0 0 4855
0 0 0 4855
0 0 0 4855
0 0 0 4855
0 0 0 4855
0 0 0 4855
0 0 0 4855
0 0 0 4855
0 0 0 4855
0 0 0 4855
0 0 0 4855
0 0 0 4855
0 0 19 4855
0 0 24 5520
1 2 30 6550
2 12 30 6965
5 14 28 6245
6 12 29 6220
9 13 30 6490
10 14 29 6650
13 14 29 6735
13 15 29 7155
14 16 29 7395
16 17 29 7600
16 17 29 7755
17 18 29 7950
17 18 29 8000
18 20 29 8000
20 19 29 8000
18 19 30 8000
19 20 28 8000
19 20 29 8000
20 20 29 8000
20 21 28 8000
19 20 28 8000
21 22 28 8000
20 21 28 8000
20 22 28 8000
21 22 28 8000
21 22 23 8000
20 23 20 8000
18 24 19 8000
17 23 17 8000
17 25 16 8000
16 24 16 8000
16 24 15 7760
15 25 13 7315
15 24 15 6805
15 23 9 6250
15 22 7 5790
14 21 5 5345
16 19 6 4950
16 17 6 4865
16 17 8 4965
14 15 8 4845
12 14 9 4830
12 13 9 4825
11 11 6 4675
10 10 9 4725
9 9 8 4695
9 9 9 4735
8 7 12 4840
7 7 14 4990
8 7 15 5150
6 6 15 5235
6 7 16 5445
7 7 15 5560
7 9 13 5590
10 10 13 5680
10 11 10 5665
10 12 9 5605
12 12 9 5570
12 13 9 5485
11 14 8 5440
12 12 8 5080
12 13 8 5180
12 11 9 5120
11 12 10 5095
11 11 10 5120
11 11 10 5105
11 11 9 5090
11 11 8 5040
10 10 8 4975
10 10 8 4965
10 10 7 4900
8 9 8 4890
9 8 8 4930
8 8 9 4930
7 8 9 4965
8 7 9 5015
6 7 10 5010
7 7 10 5130
7 7 9 5155
7 7 9 5165
7 7 10 5195
6 7 10 5260
8 8 9 5340
8 7 8 5295
8 9 7 5275
8 8 6 5240
9 10 6 5190
9 9 5 5125
9 9 6 5045
9 9 6 5020
8 8 6 4975
8 9 6 4965
7 7 9 4935
7 8 10 5045
8 7 10 5110
6 7 10 5120
7 7 9 5220
7 7 10 5210
8 8 10 5275
8 8 9 5285
8 8 8 5280
8 8 8 5260
8 9 13 5260
8 9 13 5435
9 8 13 5510
10 10 20 5855
10 12 22 6055
12 13 13 5920
12 13 8 5720
13 14 2 5450
13 13 0 5195
12 14 0 5000
12 12 4 4980
12 11 3 4825
11 11 4 4725
10 9 3 4605
9 8 2 4485
8 8 1 4365
8 6 0 4245
5 5 4 4265
5 4 5 4345
4 3 9 4485
2 3 12 4685
1 2 17 5050
1 2 19 5380
2 1 20 5685
2 3 21 5970
4 6 23 6325
6 10 22 6535
7 14 23 6350
9 15 24 6110
10 16 24 6085
10 15 24 6005
11 15 24 6050
12 15 24 6105
12 16 23 6190
13 16 23 6095
14 14 20 6150
14 15 20 6340
14 16 19 6430
15 16 19 6485
15 17 20 6560
15 18 19 6600
13 17 19 6345
14 18 19 6235
12 18 19 6110
12 21 20 5900
12 17 22 5505
11 14 22 5670
11 13 21 5805
12 13 21 6135
12 13 13 5970
12 15 15 6055
12 15 14 5750
12 14 10 5505
11 15 10 5655
12 14 10 5240
11 13 10 5430
11 12 11 5470
11 12 11 5470
11 12 9 5470
11 12 22 5400
10 12 25 5825
11 12 25 6130
12 14 25 6320
12 14 25 6495
13 15 24 6690
15 15 24 6815
15 17 24 6910
15 18 25 7045
17 18 17 6900
17 19 10 6880
16 19 0 6635
15 20 0 5900
17 18 2 5350
18 18 4 5425
17 18 4 5235
18 18 5 5060
16 16 7 4865
15 16 6 4810
13 13 7 4675
12 12 4 4645
10 9 8 4485
9 8 8 4575
8 6 8 4580
6 6 8 4600
5 4 12 4810
4 5 15 5040
4 4 14 5190
4 4 14 5340
4 4 12 5490
6 5 10 5570
6 7 10 5550
8 8 10 5610
8 9 9 5600
10 10 8 5595
10 11 10 5505
10 12 9 5545
12 11 8 5510
11 13 5 5390
11 12 2 5260
11 11 0 5065
11 11 0 4860
11 10 0 4695
9 9 4 4530
9 9 0 4575
8 7 0 4360
7 6 1 4260
5 5 1 4210
4 4 0 4190
3 3 0 4130
0 1 0 4095
0 0 0 4135
0 0 0 4135
0 0 0 4135
0 0 0 4135
0 0 0 4135
0 0 0 4135
0 0 0 4135
0 0 0 4135
0 0 0 4135
0 0 0 4135
0 0 0 4135
0 0 0 4135
0 0 0 4135
0 0 0 4135
0 0 0 4135
0 0 0 4135
0 0 0 4135
0 0 0 4135
0 0 0 4135
0 0 0 4135
0 0 0 4135
0 0 0 4135
0 0 0 4135
0 0 0 4135
0 0 0 4135
0 0 0 4135
0 0 0 4135
0 0 0 4135
0 0 0 4135
0 0 0 4135
0 0 0 4135
0 0 0 4135
0 0 0 4135
0 0 0 4135
0 0 0 4135
0 0 0 4135
0 0 0 4135
0 0 0 4135
0 0 0 4135
0 0 0 4135
0 0 0 4135
0 0 0 4135
0 0 0 4135
0 0 0 4135
0 0 0 4135
0 0 0 4135
0 0 0 4135
0 0 0 4135
0 0 0 4135
0 0 0 4135
0 0 0 4135
0 0 0 4135
0 0 0 4135
0 0 0 4135
0 0 0 4135
0 0 0 4135
0 0 0 4135
0 0 0 4135
0 0 0 4135
0 0 0 4135
0 0 0 4135
0 0 0 4135
0 0 0 4135
0 0 0 4135
0 0 0 4135
0 0 0 4135
0 0 0 4135
0 0 0 4135
0 0 2 4135
0 0 2 4205
0 0 3 4235
0 0 4 4300
0 0 5 4380
0 0 8 4475
0 0 9 4655
0 2 10 4810
0 0 11 4980
0 0 12 5165
1 0 10 5365
1 1 8 5440
1 2 2 5505
3 3 0 5400
4 5 0 5275
6 5 1 5195
6 7 2 5100
6 6 1 5060
6 7 2 4965
7 6 2 4925
6 7 2 4830
6 6 4 4790
6 5 5 4800
5 5 4 4805
4 5 0 4790
4 4 0 4670
4 4 0 4610
4 3 1 4550
2 3 5 4525
2 2 6 4690
2 1 5 4770
0 1 9 4795
2 1 2 5050
0 1 4 4870
1 0 4 5010
1 1 4 5035
0 1 9 5255
2 3 13 5615
5 4 17 5920
5 8 17 6040
8 10 17 5905
8 14 15 6090
9 13 12 5460
9 14 7 5250
11 11 5 4865
11 10 7 5105
9 10 13 5255
9 10 15 5425
10 9 12 5410
9 10 12 5420
9 10 10 5415
10 10 11 5465
10 13 12 5495
10 12 13 5245
10 11 15 5540
11 10 17 5685
11 12 16 5720
10 13 12 5655
12 13 5 5145
11 13 7 5250
11 11 4 5105
11 11 0 4860
11 10 8 4975
9 10 0 4650
9 9 4 4695
9 8 1 4515
7 7 1 4395
7 6 2 4380
5 5 0 4235
5 4 0 4200
3 3 0 4125
1 1 1 4155
1 1 0 4160
0 0 0 4145
0 0 0 4165
0 0 0 4165
0 0 1 4200
0 0 22 4215
0 0 22 4965
0 0 24 5295
0 2 23 5695
1 2 24 6020
3 4 27 6365
5 9 27 6745
7 13 27 6615
8 13 24 6485
10 16 23 6480
12 14 24 6285
14 15 20 6805
14 15 18 6775
16 17 17 6795
16 19 16 6750
17 18 16 6415
18 19 17 6560
19 20 16 6545
19 20 15 6460
19 20 16 6380
20 20 16 6355
19 20 16 6275
19 21 17 6250
20 20 17 6240
20 22 17 6175
21 20 20 6235
20 21 24 6340
21 22 19 6245
20 21 7 5775
20 21 5 5530
20 20 1 5165
19 20 2 4915
19 19 2 4680
18 17 4 4495
16 15 2 4235
13 13 2 4065
11 8 5 4065
8 6 5 4015
6 3 7 4030
3 1 9 4125
1 0 10 4315
1 0 13 4510
0 0 11 4750
0 1 13 4895
0 2 17 5130
1 0 18 5465
1 2 23 5720
3 3 23 6150
4 8 23 6410
6 14 23 6255
8 14 22 5870
8 15 22 5870
8 13 22 5705
10 14 21 5810
8 13 22 5795
8 14 21 5780
8 14 21 5625
7 13 21 5550
6 13 21 5510
6 12 21 5380
6 10 21 5395
5 9 21 5560
6 9 21 5640
6 10 21 5770
7 11 21 5755
7 13 21 5765
9 12 21 5700
8 13 21 5785
9 13 21 5655
8 13 21 5695
8 12 21 5625
8 13 21 5700
7 13 22 5645
7 13 20 5490
7 12 20 5415
7 11 17 5340
6 10 16 5335
6 9 15 5290
7 8 15 5350
7 8 17 5700
8 9 18 5885
9 13 15 5910
10 13 15 5560
11 13 10 5365
10 12 12 5580
11 11 15 5735
11 12 16 5810
12 13 16 5885
12 14 16 5925
11 14 13 5880
12 15 8 5440
13 14 8 5225
12 13 12 5450
12 13 13 5505
12 12 12 5485
11 14 10 5415
12 12 10 5105
11 13 6 5095
12 11 9 5145
11 11 8 5045
11 11 9 5055
10 10 2 4780
10 11 9 4680
10 9 7 4805
8 9 4 4720
9 8 5 4640
7 7 7 4580
7 6 12 4660
6 6 12 4835
5 6 13 4945
4 4 16 5105
5 5 16 5365
5 6 18 5510
6 6 20 5745
7 8 23 5975
9 10 22 6255
10 13 23 6390
12 15 23 6270
13 15 23 6260
14 15 23 6570
15 17 23 6685
16 17 26 6890
16 18 23 6915
16 18 22 6985
15 20 22 7075
13 20 21 6640
15 20 21 6365
13 19 21 6310
14 19 20 6105
13 18 20 6010
13 18 20 5910
12 17 20 5790
11 16 20 5705
11 15 20 5635
10 15 21 5650
11 14 20 5570
10 13 20 5650
11 13 21 5685
10 13 21 6015
12 14 20 5885
12 14 20 6125
10 15 20 6245
8 21 20 5910
7 14 20 5065
8 14 25 5325
8 9 23 5450
9 9 15 5995
8 9 5 5905
10 13 0 5680
10 14 1 5075
11 12 0 4720
11 11 0 4755
9 9 2 4590
9 9 2 4565
8 7 0 4460
7 6 0 4320
6 6 2 4235
4 4 1 4235
3 3 0 4210
2 2 0 4165
1 0 0 4155
0 0 1 4195
0 0 0 4195
0 0 0 4195
0 0 0 4195
0 0 0 4195
0 0 0 4195
0 0 0 4195
0 0 0 4195
0 0 0 4195
0 0 0 4195
0 0 0 4195
0 0 0 4195
0 0 0 4195
0 0 0 4195
0 0 0 4195
0 0 0 4195
0 0 0 4195
0 0 0 4195
0 0 0 4195
0 0 1 4230
0 0 1 4245
0 0 0 4225
0 0 0 4225
0 0 0 4225
0 0 1 4260
0 0 0 4240
0 0 0 4240
0 0 0 4240
0 0 0 4240
0 0 2 4310
0 0 4 4340
0 0 1 4440
0 0 0 4395
0 0 0 4375
0 0 1 4375
0 0 4 4410
0 0 4 4530
0 0 4 4590
0 2 0 4510
0 0 0 4440
0 0 1 4515
0 0 0 4495
0 0 0 4495
0 0 0 4495
0 0 0 4495
0 0 0 4495
0 0 0 4495
0 0 1 4530
0 0 0 4510
0 0 0 4510
0 0 0 4510
0 0 0 4510
0 0 1 4510
0 0 0 4545
0 0 1 4525
0 0 0 4560
0 0 0 4540
0 0 4 4540
0 0 4 4680
0 0 10 4740
0 0 22 5010
0 0 20 5580
0 0 15 5840
1 2 12 5965
4 6 9 6015
4 9 6 5920
8 10 2 5755
8 11 0 5535
10 11 0 5310
11 11 0 5145
11 11 0 4980
11 11 0 4815
9 10 1 4685
10 9 1 4570
8 7 0 4435
8 8 7 4615
7 6 20 5035
6 8 23 5390
6 6 15 5295
7 7 21 5680
8 8 20 5835
8 9 21 6030
10 11 17 6050
12 14 14 5995
12 14 10 5935
12 14 10 5795
12 14 10 5735
11 14 10 5675
10 14 14 5615
9 14 17 5695
9 13 25 5800
9 14 30 6160
7 14 28 6480
9 13 26 6650
9 13 25 6825
11 14 26 6985
12 14 25 7165
12 18 27 7310
12 19 28 7405
14 18 30 7540
13 18 29 7780
15 17 23 7925
14 18 18 7915
16 18 12 7795
18 18 6 7585
16 18 4 7285
14 19 2 7035
15 20 2 6720
16 19 1 6430
15 19 0 6160
14 18 0 5855
14 18 1 5605
12 17 0 5370
12 14 1 5115
10 11 1 4840
9 9 0 4695
8 7 0 4600
7 7 0 4535
6 4 0 4430
5 5 0 4430
3 4 0 4335
3 2 3 4400
1 1 7 4595
0 1 12 4880
0 0 17 5220
0 1 19 5565
2 1 25 6025
2 4 23 6315
4 9 24 6575
6 14 25 6735
9 16 28 6905
10 14 29 7080
11 15 28 7310
14 16 24 7345
14 17 19 7270
16 18 16 7175
15 18 13 7020
15 19 12 6910
15 19 10 6715
15 20 10 6580
14 19 9 6375
14 18 9 6245
14 19 10 6165
13 18 13 6010
13 16 14 6015
12 17 17 6045
12 16 17 6085
12 16 17 6120
11 16 16 6135
10 16 15 6115
9 16 15 6080
8 15 15 6065
8 15 15 6085
6 14 15 6085
5 14 15 6120
5 14 14 6135
6 14 14 6115
4 14 14 6115
5 14 15 6150
6 14 14 6130
6 13 14 6130
7 14 14 6165
7 13 15 6180
8 14 16 6265
8 14 20 6415
9 15 24 6645
9 16 28 6900
9 16 30 7130
10 16 27 7235
11 18 27 7400
11 17 26 7460
13 17 27 7650
15 18 27 7800
14 18 28 7950
17 18 28 8000
17 19 30 8000
16 18 28 8000
18 19 30 8000
18 20 28 8000
20 19 28 8000
18 20 27 8000
20 21 22 8000
18 21 16 8000
18 22 7 8000
16 22 6 7955
15 22 6 7715
15 24 6 7475
14 24 7 7165
13 24 7 6930
11 24 7 6675
8 25 6 6420
6 22 5 6095
4 18 4 5880
3 17 5 5730
2 13 5 5590
1 13 5 5550
2 10 5 5430
0 9 5 5415
1 6 4 5375
2 7 5 5385
3 5 6 5355
5 5 7 5430
5 5 12 5480
6 7 20 5685
7 8 25 6000
9 10 25 6335
9 12 26 6520
10 15 24 6710
12 16 23 6745
13 17 20 6810
14 19 20 6775
13 19 18 6680
13 19 18 6665
14 19 17 6615
12 19 18 6620
13 19 17 6570
11 21 17 6540
12 25 17 6440
10 19 17 6295
10 20 17 6285
9 18 17 6220
9 18 18 6280
9 18 17 6245
9 18 17 6230
8 18 17 6215
8 18 17 6200
10 17 17 6185
9 17 17 6205
9 17 17 6205
9 18 17 6205
10 17 17 6170
10 17 16 6155
11 16 15 6105
11 17 15 6110
11 16 15 6060
11 16 12 5960
13 16 9 5795
12 14 6 5585
14 14 5 5470
14 15 6 5370
14 14 4 5145
14 14 6 5085
14 14 6 4965
13 13 8 4915
12 12 5 4755
11 11 5 4670
11 10 5 4600
10 9 4 4510
9 8 5 4490
8 8 4 4430
6 6 4 4370
6 6 4 4380
4 4 8 4490
4 3 16 4870
2 2 23 5295
2 4 27 5790
2 4 29 6235
5 6 28 6605
6 11 28 6890
8 13 28 6675
9 17 28 6710
12 18 27 6400
13 17 26 6415
15 17 23 6510
15 17 20 6770
16 18 17 6785
17 18 13 6720
16 19 14 6560
18 18 13 6255
18 19 10 6300
18 19 6 6120
18 19 9 5860
18 19 6 5785
18 18 6 5545
18 18 6 5365
17 18 7 5185
15 17 9 5075
16 15 8 5065
14 15 8 4905
13 13 8 4855
13 13 8 4800
12 11 7 4725
11 11 7 4650
11 10 7 4610
8 8 7 4550
9 8 7 4595
8 7 7 4545
6 6 8 4585
6 5 8 4655
5 5 9 4720
4 5 10 4835
4 4 10 4945
3 3 12 5105
3 4 15 5365
4 3 15 5545
4 5 12 5585
6 7 12 5705
6 7 13 5790
8 8 18 6070
10 11 19 6215
10 13 17 6240
11 16 15 5960
12 16 12 5550
12 15 11 5375
12 13 11 5285
12 13 12 5485
11 12 16 5625
11 12 21 5895
11 14 23 6045
11 15 17 5950
11 14 17 5680
12 15 17 5695
12 13 20 5615
12 13 19 5975
14 14 16 6060
13 14 18 5990
14 15 19 6125
15 15 19 6200
14 16 16 6240
15 16 18 6230
15 16 19 6295
16 17 20 6375
16 18 19 6435
16 17 19 6460
17 18 18 6480
18 18 20 6565
18 19 20 6575
18 19 20 6605
18 19 24 6775
18 19 24 6865
15 20 20 6815
14 19 18 6355
14 20 18 6210
13 19 17 5905
14 18 17 5715
13 17 17 5680
13 16 17 5580
13 16 17 5565
13 15 17 5490
13 15 17 5730
13 14 17 5790
13 14 17 5850
13 15 17 5910
12 14 17 5970
13 15 17 6065
13 16 17 6105
14 15 17 5850
12 16 17 6055
13 15 17 5750
13 16 17 6030
12 15 17 5775
13 15 17 5735
13 15 17 5955
12 15 18 6015
12 15 18 5830
13 15 18 5785
13 16 17 5985
13 15 17 5730
13 15 16 5935
12 15 16 5980
12 16 17 5780
13 15 19 5685
11 15 23 6135
12 15 28 6110
12 17 27 6220
13 15 23 5960
14 15 19 6250
14 16 17 6235
15 17 21 6420
14 17 20 6455
16 18 21 6285
16 18 21 6500
17 17 21 6575
17 18 22 6650
17 19 21 6690
17 19 21 6750
17 19 18 6705
17 20 15 6615
18 20 14 6235
18 20 13 6335
18 18 11 6240
18 19 10 6095
18 19 10 5955
15 20 10 5835
15 19 8 5295
14 17 5 5030
14 16 2 4780
15 14 3 4720
13 13 3 4540
13 12 4 4430
12 11 3 4315
11 9 4 4180
8 8 2 4115
7 7 2 4045
5 5 2 4000
4 4 0 4000
3 3 1 4000
2 1 0 4000
0 1 2 4000
0 0 2 4070
0 0 0 4030
0 0 1 4065
0 0 1 4080
0 0 2 4130
0 0 0 4090
0 0 0 4090
0 0 0 4090
0 0 0 4090
0 0 0 4090
0 0 4 4090
0 0 2 4230
0 0 1 4220
0 0 3 4215
0 0 0 4300
0 0 0 4240
0 0 0 4240
0 0 0 4240
0 0 3 4240
0 0 0 4345
0 0 2 4285
0 0 0 4355
0 0 0 4315
0 0 0 4315
0 0 2 4315
0 0 2 4385
0 0 0 4415
0 0 2 4375
0 0 0 4445
0 0 1 4405
0 0 1 4455
0 0 1 4470
0 0 2 4520
0 0 0 4480
0 1 0 4480
0 0 0 4445
0 0 0 4465
0 0 0 4465
0 0 0 4465
0 0 0 4465
0 0 1 4500
0 0 0 4480
0 0 0 4480
0 0 0 4480
0 0 0 4480
0 0 0 4480
0 0 0 4480
0 0 0 4480
0 0 0 4480
0 0 0 4480
0 0 1 4480
0 0 0 4515
0 0 0 4495
0 0 0 4495
0 0 0 4495
0 0 0 4495
0 0 0 4495
0 0 0 4495
0 0 1 4530
0 0 0 4510
0 0 0 4510
0 0 0 4510
0 0 0 4510
0 0 0 4510
0 0 0 4510
0 0 0 4510
0 0 0 4510
0 0 0 4510
0 0 0 4510
0 0 0 4510
0 0 0 4510
0 0 0 4510
0 0 0 4510
0 0 0 4510
0 0 0 4510
0 0 0 4510
0 0 0 4510
0 0 0 4510
0 0 0 4510
0 0 0 4510
0 0 0 4510
0 0 0 4510
0 0 0 4510
0 0 0 4510
0 0 0 4510
0 0 0 4510
0 0 0 4510
0 0 0 4510
0 0 0 4510
0 0 0 4510
0 0 0 4510
0 0 0 4510
0 0 0 4510
0 0 0 4510
0 0 0 4510
0 0 0 4510
0 0 0 4510
0 0 0 4510
0 0 0 4510
0 0 0 4510
0 0 0 4510
0 0 0 4510
0 0 0 4510
0 0 0 4510
0 0 0 4510
0 0 0 4510
0 0 0 4510
0 0 0 4510
0 0 0 4510
0 0 0 4510
0 0 0 4510
0 0 0 4510
0 0 0 4510
0 0 0 4510
0 0 0 4510
0 0 0 4510
0 0 0 4510
0 0 0 4510
0 0 0 4510
0 0 0 4510
0 0 0 4510
0 0 0 4510
0 0 0 4510
0 0 0 4510
0 0 0 4510
0 0 0 4510
0 0 0 4510
1 0 0 4510
1 0 0 4510
1 0 0 4510
2 0 0 4510
2 0 0 4510
2 0 0 4510
3 0 0 4510
3 0 0 4510
1 0 0 4510
1 0 0 4510
2 1 0 4510
0 1 0 4475
0 0 0 4460
0 0 0 4480
0 0 0 4480
0 0 0 4480
0 0 0 4480
0 0 0 4480
0 0 0 4480
0 0 0 4480
0 0 0 4480
0 0 0 4480
0 0 0 4480
0 0 0 4480
0 0 0 4480
0 0 0 4480
0 0 0 4480
0 0 0 4480
0 0 0 4480
0 0 0 4480
0 0 0 4480
0 0 0 4480
0 0 0 4480
0 0 0 4480
0 0 0 4480
0 0 0 4480
0 0 0 4480
0 0 0 4480
0 0 0 4480
0 0 0 4480
0 0 0 4480
0 0 0 4480
0 0 0 4480
0 0 2 4550
0 0 2 4580
0 0 1 4575
0 0 1 4590
0 0 1 4605
0 0 1 4620
0 0 2 4670
0 0 1 4665
0 0 1 4680
0 0 1 4695
0 0 2 4710
0 0 1 4760
0 0 1 4755
0 0 1 4770
0 0 1 4785
0 0 1 4800
0 0 2 4815
0 0 2 4865
0 0 2 4895
1 0 2 4925
0 1 2 4955
0 0 2 4950
1 0 1 5000
0 1 0 4995
1 0 1 4940
0 1 1 4995
1 0 1 4975
0 1 0 5010
1 1 1 4955
1 1 1 4975
1 0 1 4975
1 2 1 5010
1 1 1 4955
1 1 2 5010
2 2 3 5060
1 1 4 5090
2 2 6 5225
2 2 8 5335
3 3 9 5425
3 4 10 5515
4 5 13 5605
6 6 15 5765
7 7 16 5920
8 9 17 6055
8 11 17 6155
12 13 12 6205
12 13 9 6050
14 15 6 5930
14 15 4 5695
14 15 5 5490
14 15 6 5360
12 14 4 5245
12 14 4 5075
12 13 5 4925
12 12 5 4845
10 10 4 4760
10 9 5 4690
9 9 8 4670
8 7 9 4715
7 7 8 4805
6 5 5 4800
6 6 6 4780
4 4 5 4780
4 5 6 4815
4 3 8 4830
4 4 12 4985
3 3 13 5165
3 3 17 5355
4 5 19 5645
5 5 19 5855
7 10 21 6310
8 14 21 6395
10 15 21 6420
10 16 20 6455
11 15 15 6320
11 16 11 6200
12 14 13 6175
14 14 15 6270
12 14 17 6355
12 16 16 6365
12 15 16 6325
12 16 17 6395
11 17 19 6460
11 16 21 6540
10 17 23 6705
8 16 22 6740
9 16 23 6885
8 17 22 6955
7 17 22 7010
8 17 23 7120
6 17 22 7175
6 17 21 7215
5 16 17 7135
4 17 13 7030
5 16 9 6810
4 15 9 6725
5 14 8 6620
4 15 8 6550
5 15 5 6320
4 14 0 5995
6 13 0 5805
6 12 0 5140
7 12 0 4840
7 7 0 4550
6 6 1 4745
6 6 6 4710
6 5 12 4810
4 5 13 5020
5 5 7 5215
4 4 9 5105
5 5 13 5240
5 6 13 5420
5 6 13 5540
7 6 16 5660
7 8 16 5815
8 10 17 5985
10 12 19 6170
10 13 19 6265
10 15 16 5980
10 14 12 5585
9 14 10 5425
9 12 7 5070
10 12 9 5095
10 9 9 5240
9 10 10 5260
9 9 13 5400
10 10 14 5495
9 10 15 5570
11 11 13 5610
10 11 13 5600
12 12 13 5665
11 12 13 5640
13 13 13 5690
12 13 13 5650
12 14 13 5685
14 13 13 5700
12 14 10 5540
14 14 6 5410
14 14 6 5250
12 13 7 5165
13 13 9 5200
13 13 12 5225
12 13 14 5210
13 12 15 5300
12 12 15 5330
11 12 16 5395
12 12 19 5510
12 13 20 5655
12 12 23 5795
13 13 23 6020
13 14 24 6150
14 15 22 6335
14 15 24 6395
14 15 23 6585
13 17 21 6700
12 17 22 6380
13 18 20 6285
11 18 19 6105
11 18 18 5810
12 17 17 5580
10 15 15 5510
10 15 16 5360
10 13 19 5245
11 13 20 5425
10 12 23 5740
11 12 23 6015
10 13 23 6175
10 14 25 6075
12 15 25 6100
12 14 25 6180
14 15 26 6555
14 16 27 6715
15 16 28 6930
16 17 28 7125
17 19 28 7430
18 20 25 7490
17 20 26 7610
17 20 23 7345
16 21 23 7300
15 22 24 7080
12 23 24 6820
13 22 23 6290
12 22 23 6135
11 20 23 5810
9 20 23 5665
9 17 23 5300
9 15 23 5330
7 14 23 5390
8 12 23 5295
8 12 23 5500
10 11 24 5580
9 11 24 5990
10 12 24 6235
10 14 24 6425
11 15 24 6215
10 17 25 6245
10 16 23 5925
9 15 23 5910
10 15 22 5835
11 15 22 5830
11 15 22 5855
12 