--------reopened--------
0 0 0 4000
0 0 0 4000
0 0 0 4000
0 0 0 4000
0 0 0 4000
0 0 0 4000
0 0 0 4000
0 0 0 4000
0 0 0 4000
0 0 0 4000
0 0 0 4000
0 0 0 4000
0 0 0 4000
0 0 0 4000
0 0 0 4000
0 0 0 4000
0 0 0 4000
0 0 0 4000
0 0 0 4000
0 0 0 4000
0 0 0 4000
0 0 0 4000
0 0 0 4000
0 0 0 4000
0 0 0 4000
0 0 0 4000
0 0 0 4000
0 0 0 4000
0 0 0 4000
0 0 0 4000
0 0 0 4000
0 0 0 4000
1 0 0 4000
3 0 0 4000
2 0 0 4000
4 0 0 4000
2 0 0 4000
2 0 0 4000
0 0 0 4000
1 0 0 4000
0 0 0 4000
0 0 0 4000
0 0 0 4000
0 0 0 4000
0 0 0 4000
0 0 0 4000
0 0 0 4000
0 0 0 4000
0 0 0 4000
1 0 0 4000
0 0 0 4000
1 0 0 4000
0 0 0 4000
0 0 0 4000
0 0 0 4000
0 0 0 4000
0 0 0 4000
0 0 0 4000
0 0 0 4000
0 0 0 4000
0 0 0 4000
0 0 0 4000
0 0 0 4000
0 0 0 4000
0 0 0 4000
0 0 0 4000
0 0 0 4000
0 0 0 4000
0 0 0 4000
0 0 0 4000
0 0 0 4000
0 0 0 4000
0 0 0 4000
0 0 0 4000
0 0 0 4000
0 0 0 4000
0 0 0 4000
0 0 0 4000
0 0 0 4000
0 0 0 4000
0 0 0 4000
0 0 0 4000
1 0 0 4000
0 0 0 4000
1 0 0 4000
1 0 0 4000
2 0 0 4000
2 0 0 4000
3 0 0 4000
3 0 0 4000
3 0 0 4000
3 0 0 4000
3 0 0 4000
2 0 0 4000
1 0 0 4000
0 0 0 4000
0 0 0 4000
0 0 0 4000
0 0 0 4000
0 0 0 4000
0 0 0 4000
0 0 0 4000
0 0 0 4000
0 0 0 4000
0 0 0 4000
0 0 0 4000
0 0 0 4000
0 0 0 4000
0 0 0 4000
0 0 0 4000
0 0 0 4000
0 0 0 4000
0 0 0 4000
0 0 0 4000
0 0 0 4000
0 0 0 4000
0 0 0 4000
0 0 0 4000
0 0 0 4000
0 0 0 4000
0 0 0 4000
0 0 0 4000
0 0 0 4000
0 0 0 4000
0 0 0 4000
0 0 0 4000
0 0 0 4000
0 0 0 4000
0 0 0 4000
0 0 0 4000
0 0 0 4000
0 0 0 4000
0 0 0 4000
0 0 0 4000
0 0 0 4000
0 0 0 4000
0 0 0 4000
0 0 0 4000
0 0 0 4000
0 0 0 4000
0 0 0 4000
0 0 0 4000
0 0 0 4000
0 2 0 4000
0 0 0 4000
0 0 0 4000
0 0 0 4000
0 0 0 4000
0 0 0 4000
0 0 0 4000
0 0 0 4000
0 0 0 4000
0 0 0 4000
1 0 0 4000
1 0 0 4000
3 0 0 4000
3 0 0 4000
2 0 0 4000
4 0 0 4000
4 0 0 4000
4 0 0 4000
4 2 0 4000
3 2 0 4000
3 3 0 4000
3 3 0 4000
3 2 0 4000
3 3 0 4000
1 1 0 4000
2 1 0 4000
0 1 0 4000
0 0 0 4000
0 0 0 4000
0 0 0 4000
0 0 0 4000
0 0 0 4000
0 0 0 4000
0 0 0 4000
0 0 0 4000
0 0 0 4000
0 0 0 4000
0 0 0 4000
0 0 0 4000
0 0 0 4000
0 0 0 4000
0 0 0 4000
0 0 0 4000
0 0 0 4000
0 0 0 4000
0 0 0 4000
0 0 0 4000
0 0 0 4000
0 0 0 4000
0 0 0 4000
0 0 0 4000
0 0 0 4000
0 0 0 4000
0 0 0 4000
0 0 0 4000
0 0 0 4000
0 0 0 4000
0 0 0 4000
0 0 0 4000
0 0 0 4000
0 0 0 4000
0 0 0 4000
0 0 0 4000
0 0 0 4000
0 0 0 4000
0 0 0 4000
0 0 0 4000
0 0 0 4000
0 0 0 4000
0 0 0 4000
0 0 0 4000
0 0 0 4000
0 0 0 4000
0 0 0 4000
0 0 0 4000
0 0 0 4000
0 0 0 4000
0 0 0 4000
0 0 0 4000
0 0 0 4000
0 0 0 4000
0 0 0 4000
0 0 0 4000
0 0 0 4000
0 0 0 4000
0 0 0 4000
0 0 0 4000
0 0 0 4000
0 0 0 4000
0 0 0 4000
0 0 0 4000
0 0 0 4000
0 0 0 4000
0 0 0 4000
0 0 0 4000
0 0 0 4000
0 0 0 4000
0 0 0 4000
0 0 0 4000
0 0 0 4000
0 0 0 4000
0 0 0 4000
0 0 0 4000
0 0 0 4000
0 0 0 4000
0 0 0 4000
0 0 0 4000
0 0 0 4000
0 0 0 4000
0 0 0 4000
0 0 0 4000
0 0 0 4000
0 0 0 4000
0 0 0 4000
0 0 0 4000
0 0 0 4000
0 0 0 4000
0 0 0 4000
0 0 0 4000
0 0 0 4000
0 0 0 4000
0 0 0 4000
0 0 0 4000
0 0 0 4000
0 0 0 4000
0 0 0 4000
0 0 0 4000
0 0 0 4000
0 0 0 4000
0 0 0 4000
0 0 0 4000
0 0 0 4000
0 0 0 4000
0 0 0 4000
0 0 0 4000
0 0 0 4000
0 0 0 4000
0 0 0 4000
0 0 0 4000
0 0 0 4000
0 0 0 4000
0 0 0 4000
0 0 0 4000
0 0 0 4000
0 0 0 4000
0 0 0 4000
0 0 0 4000
0 0 0 4000
0 0 0 4000
0 0 0 4000
0 0 0 4000
0 0 0 4000
0 0 0 4000
0 0 0 4000
0 0 0 4000
0 0 0 4000
0 0 0 4000
0 0 0 4000
0 0 0 4000
0 0 0 4000
0 0 0 4000
0 0 0 4000
0 0 0 4000
0 0 0 4000
0 0 0 4000
0 0 0 4000
0 0 0 4000
0 0 0 4000
0 0 0 4000
0 0 0 4000
0 0 0 4000
0 0 0 4000
0 0 0 4000
0 0 0 4000
0 0 0 4000
0 0 0 4000
0 0 0 4000
0 0 0 4000
0 0 0 4000
0 0 0 4000
0 0 0 4000
0 0 0 4000
0 0 0 4000
0 0 0 4000
0 0 0 4000
0 0 0 4000
0 0 0 4000
0 0 0 4000
0 0 0 4000
0 0 0 4000
0 0 0 4000
0 0 0 4000
0 0 0 4000
0 0 0 4000
0 0 0 4000
0 0 0 4000
0 0 0 4000
0 0 0 4000
0 0 1 4000
0 0 1 4035
0 0 1 4050
0 0 1 4065
0 0 1 4080
0 0 1 4110
0 0 1 4125
0 0 2 4175
0 0 2 4205
0 0 2 4235
0 0 2 4265
0 0 3 4330
0 0 3 4375
0 0 3 4420
0 0 3 4465
0 0 3 4510
0 0 3 4555
0 0 3 4600
0 0 3 4645
0 0 3 4690
0 0 3 4735
0 0 3 4780
0 0 3 4825
0 0 3 4870
0 1 3 4915
0 0 3 4925
0 0 2 4955
0 1 4 5055
2 2 4 5080
1 2 3 5055
3 2 3 5070
3 4 3 5085
3 4 3 5030
5 4 3 5015
5 5 3 5000
4 5 3 4950
6 6 3 4920
4 5 3 4855
6 5 3 4845
4 4 3 4815
4 5 3 4820
4 4 3 4770
4 3 3 4775
3 3 3 4795
3 3 3 4795
2 3 3 4795
3 3 3 4795
2 2 3 4795
2 2 3 4830
2 2 3 4845
2 2 3 4860
1 1 3 4875
2 2 3 4925
2 2 3 4920
2 2 3 4935
2 3 3 4950
3 3 3 4930
3 3 3 4930
3 3 3 4930
3 3 3 4930
4 4 3 4930
3 3 3 4895
3 4 3 4915
4 4 3 4880
4 3 3 4865
3 4 3 4885
3 3 3 4850
4 3 3 4870
3 4 3 4870
3 3 3 4835
3 3 3 4855
3 3 3 4855
3 3 3 4855
3 3 3 4855
2 3 3 4855
3 2 3 4855
3 3 3 4890
2 2 3 4870
2 3 3 4905
2 2 3 4885
3 3 3 4920
3 2 2 4900
2 3 3 4900
4 3 3 4900
2 3 3 4900
3 3 3 4900
3 4 3 4900
4 3 3 4865
3 3 2 4885
3 3 3 4850
3 3 3 4870
3 3 3 4870
2 4 3 4870
4 2 3 4835
2 3 3 4890
3 3 3 4870
3 2 3 4870
2 3 3 4905
2 2 3 4885
2 3 3 4920
3 2 3 4900
1 3 3 4935
1 1 3 4915
0 0 3 4985
0 0 3 5050
0 0 3 5095
0 0 3 5140
0 0 3 5185
0 0 2 5230
0 0 1 5240
0 1 0 5235
0 2 1 5180
0 1 0 5115
0 0 0 5120
0 0 0 5140
0 0 0 5140
0 0 0 5140
0 0 0 5140
0 0 0 5140
0 0 0 5140
0 1 0 5140
0 0 0 5105
0 0 0 5125
0 0 0 5125
1 1 0 5125
0 2 0 5090
1 4 0 5040
1 3 0 4940
4 4 0 4915
3 4 0 4835
3 6 0 4775
2 7 0 4645
2 4 0 4520
0 0 0 4520
0 0 0 4600
0 0 0 4600
0 0 0 4600
0 0 0 4600
0 0 0 4600
0 0 0 4600
0 0 0 4600
0 0 0 4600
0 0 0 4600
0 0 0 4600
0 0 0 4600
0 0 0 4600
0 0 0 4600
0 0 0 4600
0 0 0 4600
0 0 0 4600
0 0 0 4600
0 0 0 4600
0 0 0 4600
0 0 0 4600
0 0 0 4600
0 0 0 4600
0 0 1 4600
0 0 0 4635
0 0 2 4615
0 0 2 4685
0 0 2 4715
0 0 2 4745
0 0 2 4775
0 0 2 4805
0 0 2 4835
0 0 2 4865
0 0 2 4895
0 0 2 4925
0 0 3 4990
0 0 3 5035
0 0 3 5080
0 0 3 5125
0 0 2 5135
0 0 3 5200
0 0 3 5245
0 0 3 5290
0 0 3 5335
0 2 3 5380
0 6 3 5355
0 7 3 5230
0 8 3 5150
0 6 3 5055
0 4 3 5050
0 3 3 5075
0 1 3 5095
0 3 3 5165
0 2 3 5125
0 3 3 5160
0 3 3 5140
0 4 3 5140
0 4 3 5105
0 3 3 5090
0 3 2 5110
0 3 3 5075
0 2 2 5095
0 3 3 5095
0 2 3 5095
0 2 3 5130
0 3 3 5145
0 3 3 5125
0 3 3 5125
0 3 2 5125
0 3 3 5090
0 4 3 5110
0 3 3 5075
0 2 2 5095
0 2 2 5095
0 2 1 5095
0 2 1 5060
0 0 0 5045
0 0 0 5065
0 0 0 5065
0 0 0 5065
0 0 0 5065
0 0 0 5065
0 0 0 5065
0 0 0 5065
0 0 0 5065
0 5 0 5065
0 11 0 4890
0 13 0 4335
0 8 0 4160
0 2 0 4140
0 0 0 4230
0 0 0 4270
0 0 0 4270
0 0 0 4270
0 0 0 4270
0 0 0 4270
0 0 0 4270
0 0 0 4270
0 0 0 4270
0 0 0 4270
0 0 0 4270
0 0 0 4270
0 0 0 4270
0 0 0 4270
0 0 0 4270
0 0 0 4270
0 0 0 4270
0 0 0 4270
0 0 0 4270
0 0 0 4270
0 0 0 4270
0 0 0 4270
0 0 0 4270
0 0 0 4270
0 0 0 4270
0 0 0 4270
0 0 1 4270
0 0 0 4305
0 0 0 4285
0 0 0 4285
0 0 2 4285
0 0 0 4355
0 0 0 4315
0 0 0 4315
0 0 0 4315
0 0 0 4315
0 0 0 4315
0 0 0 4315
0 0 0 4315
0 0 0 4315
0 0 0 4315
1 0 0 4315
0 0 0 4315
0 0 0 4315
0 0 0 4315
0 0 0 4315
0 0 0 4315
0 0 0 4315
0 0 0 4315
0 0 0 4315
0 0 0 4315
0 0 0 4315
0 0 0 4315
0 0 0 4315
0 0 0 4315
0 0 0 4315
0 0 0 4315
0 0 0 4315
0 0 0 4315
0 0 0 4315
0 0 0 4315
0 0 0 4315
0 0 0 4315
0 0 0 4315
0 0 0 4315
0 0 0 4315
0 0 0 4315
0 0 1 4315
0 0 1 4350
0 0 1 4365
0 0 1 4380
0 0 2 4395
0 0 3 4445
0 0 3 4510
0 0 4 4590
0 0 4 4650
0 0 4 4710
0 0 5 4805
0 0 5 4880
0 0 5 4955
0 1 5 5030
0 0 5 5070
1 1 5 5165
2 3 5 5205
3 3 5 5195
3 4 5 5225
4 3 5 5220
4 3 5 5270
4 2 5 5300
4 2 5 5365
3 3 5 5410
4 4 5 5420
4 5 5 5415
3 5 5 5395
4 5 5 5395
5 5 5 5395
3 6 5 5395
4 5 5 5360
5 4 5 5380
4 5 5 5415
3 4 5 5395
5 4 5 5430
4 4 5 5445
4 4 3 5460
4 4 1 5320
4 5 0 5240
2 2 0 5145
2 1 0 5175
0 0 0 5180
0 3 0 5200
0 13 0 5095
0 18 0 4700
0 17 0 4330
0 13 0 4095
0 4 0 4000
0 0 0 4100
0 0 0 4180
0 0 0 4180
0 0 0 4180
0 0 0 4180
0 0 0 4180
0 0 0 4180
0 0 0 4180
0 0 0 4180
0 0 0 4180
0 0 0 4180
0 0 0 4180
0 0 0 4180
0 0 0 4180
0 0 0 4180
0 0 0 4180
0 0 0 4180
0 0 0 4180
0 0 0 4180
0 0 0 4180
0 0 0 4180
0 0 0 4180
0 0 0 4180
0 0 0 4180
0 0 0 4180
0 0 0 4180
0 0 0 4180
0 0 0 4180
0 0 0 4180
0 0 0 4180
0 0 0 4180
0 0 0 4180
0 0 0 4180
0 0 0 4180
0 0 0 4180
0 0 0 4180
0 0 0 4180
0 0 0 4180
0 0 0 4180
0 0 0 4180
0 0 0 4180
0 0 0 4180
0 0 0 4180
0 0 0 4180
0 0 0 4180
1 0 0 4180
0 0 0 4180
0 0 0 4180
0 0 0 4180
0 0 0 4180
0 0 0 4180
0 0 0 4180
0 0 0 4180
0 0 0 4180
0 0 0 4180
0 0 0 4180
0 0 0 4180
0 0 0 4180
0 0 0 4180
0 0 0 4180
0 0 0 4180
0 0 0 4180
0 0 0 4180
0 0 0 4180
0 0 0 4180
0 0 0 4180
0 0 0 4180
0 0 0 4180
0 0 0 4180
0 0 0 4180
0 0 0 4180
0 0 0 4180
0 0 0 4180
0 0 0 4180
0 0 0 4180
0 0 0 4180
0 0 0 4180
0 0 0 4180
0 0 0 4180
0 0 0 4180
0 0 0 4180
0 0 0 4180
0 0 0 4180
0 0 0 4180
0 0 0 4180
0 0 0 4180
0 0 0 4180
0 0 0 4180
0 0 0 4180
0 0 0 4180
0 0 0 4180
0 0 0 4180
0 0 0 4180
0 0 0 4180
0 0 0 4180
0 0 0 4180
0 0 0 4180
0 0 0 4180
0 0 0 4180
0 0 0 4180
0 0 0 4180
0 0 0 4180
0 0 0 4180
0 0 0 4180
0 0 0 4180
0 0 0 4180
0 0 0 4180
0 0 0 4180
0 0 0 4180
0 0 0 4180
0 0 0 4180
0 0 0 4180
0 0 0 4180
0 0 0 4180
0 0 0 4180
0 0 0 4180
0 0 0 4180
0 0 0 4180
0 0 0 4180
0 0 0 4180
0 0 0 4180
0 0 0 4180
0 0 0 4180
0 0 0 4180
0 0 0 4180
0 0 0 4180
0 0 0 4180
0 0 0 4180
0 0 0 4180
0 0 0 4180
0 0 0 4180
0 0 0 4180
0 0 0 4180
0 0 0 4180
0 0 0 4180
0 0 0 4180
0 0 0 4180
0 0 0 4180
0 0 0 4180
0 0 0 4180
0 0 0 4180
0 0 0 4180
0 0 0 4180
0 0 0 4180
0 0 0 4180
0 0 0 4180
0 0 0 4180
0 0 0 4180
0 0 0 4180
0 0 0 4180
0 0 0 4180
0 0 0 4180
0 0 0 4180
0 0 0 4180
0 0 0 4180
0 0 0 4180
0 0 0 4180
0 0 0 4180
0 0 0 4180
0 0 0 4180
0 0 0 4180
0 0 0 4180
0 0 0 4180
0 0 0 4180
0 0 0 4180
0 0 0 4180
0 0 0 4180
0 0 0 4180
0 0 0 4180
0 0 0 4180
0 0 0 4180
0 0 0 4180
0 0 0 4180
0 0 0 4180
0 0 0 4180
0 0 0 4180
0 0 0 4180
0 0 0 4180
0 0 0 4180
0 0 0 4180
0 0 0 4180
0 0 0 4180
0 0 0 4180
0 0 1 4180
0 0 2 4215
0 0 3 4265
0 0 5 4330
0 0 5 4445
0 0 5 4520
0 0 5 4595
0 0 5 4670
0 0 5 4745
0 0 5 4820
0 1 5 4895
0 0 5 4935
0 0 5 5030
1 1 5 5105
0 1 5 5145
2 1 5 5205
2 3 5 5265
4 4 5 5255
4 4 5 5250
3 3 5 5265
4 2 5 5345
3 3 5 5410
4 4 5 5420
2 4 5 5415
4 5 5 5430
3 5 5 5410
3 6 5 5410
3 5 2 5270
3 5 1 5210
3 3 0 5115
3 2 0 5110
2 2 0 5100
2 2 0 5070
2 1 0 5040
2 0 0 5045
1 1 0 5065
0 0 0 5030
1 0 0 5050
0 0 0 5050
0 0 0 5050
0 0 0 5050
0 0 0 5050
0 0 0 5050
0 0 0 5050
0 7 0 5050
0 11 0 4805
1 13 0 4560
1 11 0 4325
0 8 0 4200
1 2 0 4140
1 0 0 4230
0 0 0 4270
0 0 0 4270
0 0 0 4270
0 0 0 4270
0 0 0 4270
0 0 0 4270
0 0 0 4270
0 0 0 4270
0 0 0 4270
0 0 0 4270
0 0 0 4270
0 0 0 4270
0 0 0 4270
0 0 0 4270
0 0 0 4270
0 0 0 4270
0 0 0 4270
0 0 0 4270
0 0 0 4270
0 0 0 4270
0 0 0 4270
0 0 0 4270
0 0 0 4270
0 0 0 4270
0 0 0 4270
0 0 0 4270
0 0 0 4270
0 0 0 4270
0 0 0 4270
0 0 0 4270
0 0 0 4270
0 0 0 4270
0 0 0 4270
0 0 0 4270
0 0 0 4270
0 0 0 4270
0 0 0 4270
0 0 0 4270
0 0 0 4270
0 0 0 4270
0 0 0 4270
0 0 0 4270
0 0 0 4270
0 0 0 4270
0 0 0 4270
0 0 0 4270
0 0 0 4270
1 0 0 4270
1 0 0 4270
2 0 0 4270
3 0 0 4270
3 0 0 4270
2 0 0 4270
1 0 0 4270
0 0 0 4270
0 1 0 4270
0 0 0 4235
0 0 0 4255
0 0 0 4255
0 0 0 4255
1 0 0 4255
0 0 0 4255
0 0 0 4255
0 0 0 4255
0 0 0 4255
0 0 0 4255
0 0 0 4255
0 0 0 4255
0 0 0 4255
0 0 0 4255
0 0 0 4255
0 0 0 4255
0 0 0 4255
2 0 0 4255
0 0 0 4255
0 0 0 4255
0 0 0 4255
0 0 0 4255
0 0 0 4255
0 0 0 4255
0 0 0 4255
0 0 0 4255
0 0 0 4255
0 0 0 4255
0 0 0 4255
0 0 0 4255
0 0 1 4290
0 0 2 4305
0 0 4 4355
0 0 4 4455
0 0 5 4515
0 0 5 4610
0 0 5 4685
0 1 5 4760
0 0 5 4800
0 0 5 4895
0 0 5 4970
0 0 5 5045
0 1 5 5120
0 1 5 5160
2 2 5 5220
4 3 5 5245
3 4 5 5255
5 5 5 5250
5 6 5 5230
6 6 5 5195
7 7 5 5180
6 8 5 5130
8 7 5 5065
6 8 5 5055
8 7 5 4990
7 7 5 4980
7 7 5 4950
6 6 5 4920
6 6 5 4925
6 6 5 4910
5 6 5 4895
5 5 5 4880
5 5 5 4900
5 4 5 4900
4 5 5 4935
4 4 5 4915
4 4 4 4915
4 4 5 4950
4 4 5 4965
4 4 4 4945
4 4 4 4945
4 4 4 4945
4 4 5 4980
4 4 4 4960
3 4 5 4995
4 4 4 4975
4 4 5 5010
4 5 4 4990
4 4 5 4990
5 4 5 5025
4 4 4 5005
4 5 4 5005
4 5 4 4970
5 4 4 4955
4 5 5 5010
5 4 4 4955
4 5 5 5010
4 4 4 4955
2 2 4 4975
0 0 4 5045
1 1 1 5145
0 2 1 5065
0 12 0 5030
0 14 0 4630
0 13 0 4380
0 10 0 4205
0 4 0 4115
0 0 0 4175
0 0 0 4255
0 0 0 4255
0 0 0 4255
0 0 0 4255
0 0 0 4255
0 0 0 4255
0 0 0 4255
0 0 0 4255
0 0 0 4255
0 0 0 4255
0 0 0 4255
0 0 0 4255
0 0 0 4255
0 0 0 4255
0 0 0 4255
0 0 0 4255
0 0 0 4255
0 0 0 4255
0 0 0 4255
0 0 0 4255
0 0 0 4255
0 0 0 4255
0 0 0 4255
0 0 0 4255
0 0 0 4255
0 0 0 4255
0 0 0 4255
0 0 0 4255
0 0 0 4255
0 0 0 4255
0 0 0 4255
0 0 0 4255
0 0 0 4255
0 0 0 4255
0 0 0 4255
0 0 0 4255
0 0 0 4255
0 0 0 4255
0 0 0 4255
0 0 0 4255
0 0 0 4255
0 0 0 4255
0 0 0 4255
0 0 0 4255
0 0 0 4255
0 0 0 4255
0 0 0 4255
0 0 0 4255
0 0 0 4255
0 0 0 4255
0 0 0 4255
0 0 0 4255
0 0 0 4255
0 0 0 4255
0 0 0 4255
0 0 0 4255
0 0 0 4255
0 0 0 4255
0 0 0 4255
0 0 0 4255
0 0 0 4255
0 0 0 4255
0 0 0 4255
0 0 0 4255
0 0 0 4255
0 0 0 4255
0 0 0 4255
0 0 0 4255
0 0 0 4255
0 0 0 4255
0 0 0 4255
0 0 0 4255
0 0 0 4255
0 0 0 4255
0 0 0 4255
0 0 0 4255
0 0 0 4255
0 0 0 4255
0 0 0 4255
0 0 0 4255
0 0 0 4255
0 0 0 4255
0 0 0 4255
0 0 0 4255
0 0 0 4255
0 0 0 4255
0 0 0 4255
0 0 0 4255
0 0 0 4255
0 0 0 4255
0 0 0 4255
0 0 0 4255
0 0 0 4255
0 0 0 4255
0 0 0 4255
0 0 0 4255
0 0 0 4255
0 0 0 4255
0 0 0 4255
0 0 0 4255
0 0 0 4255
0 0 0 4255
0 0 0 4255
0 0 0 4255
0 0 1 4255
0 0 0 4290
0 0 0 4270
0 0 0 4270
0 0 0 4270
0 0 0 4270
0 0 0 4270
0 0 0 4270
0 0 0 4270
0 0 0 4270
0 0 0 4270
0 0 0 4270
1 0 0 4270
0 0 0 4270
0 0 0 4270
0 0 0 4270
0 0 0 4270
0 0 0 4270
0 0 0 4270
0 0 0 4270
0 0 0 4270
0 0 0 4270
0 0 0 4270
0 0 0 4270
0 0 0 4270
0 0 0 4270
0 0 0 4270
0 0 0 4270
0 0 0 4270
0 0 0 4270
0 0 0 4270
0 0 0 4270
0 0 0 4270
0 0 0 4270
0 0 0 4270
0 0 0 4270
0 0 0 4270
0 0 0 4270
0 0 0 4270
0 0 0 4270
0 0 0 4270
0 0 0 4270
0 0 0 4270
0 0 0 4270
0 0 0 4270
0 0 0 4270
0 0 0 4270
0 0 0 4270
0 0 0 4270
0 0 0 4270
0 0 0 4270
0 0 0 4270
0 0 0 4270
0 0 0 4270
0 0 0 4270
0 0 0 4270
0 0 0 4270
0 0 0 4270
0 0 0 4270
0 0 0 4270
0 0 0 4270
0 0 0 4270
0 0 0 4270
0 0 0 4270
0 0 1 4305
0 0 0 4285
0 0 0 4285
0 0 0 4285
0 0 0 4285
0 0 0 4285
0 0 0 4285
0 0 0 4285
0 0 0 4285
0 0 0 4285
0 0 0 4285
0 0 0 4285
0 0 0 4285
0 0 0 4285
0 0 1 4285
0 0 1 4320
0 0 0 4335
0 0 0 4315
0 0 0 4315
0 0 0 4315
0 0 0 4315
0 0 0 4315
0 0 0 4315
0 0 1 4315
0 0 0 4350
0 0 0 4330
0 0 0 4330
0 0 0 4330
0 0 0 4330
0 0 0 4330
0 0 0 4330
0 0 0 4330
0 0 1 4330
0 0 0 4365
0 0 0 4345
0 0 0 4345
0 0 0 4345
0 0 0 4345
0 0 1 4345
0 0 0 4380
0 0 2 4360
0 0 2 4430
0 0 0 4390
0 0 0 4390
0 0 0 4390
0 0 2 4460
0 0 0 4490
0 0 0 4450
0 0 0 4450
0 0 0 4450
0 0 0 4450
0 0 0 4450
0 0 1 4450
0 0 0 4485
0 0 0 4465
0 0 0 4465
0 0 0 4465
0 0 1 4465
0 0 0 4500
0 0 0 4480
0 0 0 4480
0 0 0 4480
0 0 0 4480
0 0 0 4480
0 0 0 4480
0 0 0 4480
0 0 0 4480
0 0 0 4480
0 0 0 4480
0 0 0 4480
0 0 1 4480
0 0 3 4515
0 0 4 4600
0 0 6 4680
0 0 6 4900
0 0 6 4990
0 0 6 5080
0 0 6 5170
0 1 6 5260
0 1 8 5385
2 2 8 5490
3 5 8 5560
5 5 8 5545
6 8 8 5590
7 9 8 5530
8 10 7 5460
9 11 7 5395
10 10 7 5315
11 12 7 5290
11 11 7 5175
10 11 7 5135
11 11 7 5075
11 10 7 5015
10 11 7 4990
10 9 7 4910
8 9 7 4920
9 9 7 4890
8 8 7 4860
7 7 7 4865
8 7 7 4885
6 6 7 4885
5 6 7 4920
5 5 7 4935
6 5 7 4985
4 5 7 5015
5 5 7 5045
5 5 7 5075
4 5 7 5105
4 5 7 5135
3 6 7 5165
1 13 7 5160
0 14 7 4930
0 15 7 4805
0 13 7 4665
0 9 7 4615
0 6 7 4665
0 4 7 4740
0 3 7 4825
0 4 7 4905
0 5 7 4930
0 7 6 4905
0 9 6 4850
0 9 6 4765
0 8 6 4720
0 6 6 4710
0 5 6 4750
0 4 6 4785
0 4 6 4835
0 5 6 4865
0 7 6 4860
0 7 6 4805
0 7 6 4790
0 6 6 4775
0 6 6 4795
0 4 6 4795
0 4 6 4865
0 5 6 4895
0 7 6 4890
0 7 6 4835
0 7 6 4820
0 7 6 4805
0 7 6 4790
0 5 6 4775
0 6 6 4830
0 4 6 4810
0 6 6 4880
0 3 6 4840
0 2 6 4945
0 0 6 5025
1 0 6 5155
0 0 6 5245
0 0 6 5335
0 1 6 5425
0 1 6 5480
1 3 6 5555
2 4 6 5560
3 6 6 5570
1 9 6 5530
2 7 6 5425
2 7 6 5450
4 7 6 5435
4 7 6 5420
7 8 6 5405
7 8 6 5355
8 8 6 5325
9 10 6 5295
9 10 6 5195
9 10 6 5135
10 9 6 5075
9 10 6 5050
9 9 6 4970
9 9 6 4945
8 8 6 4900
8 8 6 4890
7 7 6 4860
7 7 6 4865
6 6 6 4850
6 6 6 4870
5 5 6 4870
5 5 6 4905
4 4 6 4920
4 5 6 5000
4 4 6 4995
4 4 6 5045
4 4 6 5075
4 4 6 5105
5 5 6 5135
4 4 6 5130
5 6 6 5180
6 5 6 5140
5 6 6 5175
6 7 6 5155
7 6 6 5120
6 7 6 5140
6 7 6 5105
7 7 6 5090
7 7 6 5075
6 7 6 5060
7 6 6 5045
7 7 6 5065
6 6 6 5030
4 7 6 5050
4 10 6 5015
3 12 6 4895
1 11 6 4765
2 10 5 4675
0 7 2 4515
0 4 0 4500
0 0 0 4460
0 0 0 4540
0 0 0 4540
0 0 0 4540
0 0 0 4540
0 0 0 4540
0 0 0 4540
0 0 0 4540
0 0 0 4540
0 0 0 4540
0 0 0 4540
0 0 0 4540
0 0 0 4540
0 0 0 4540
0 0 0 4540
0 0 0 4540
0 0 0 4540
0 0 0 4540
0 0 0 4540
0 0 0 4540
0 0 0 4540
0 0 0 4540
0 0 0 4540
0 0 0 4540
0 0 0 4540
0 0 0 4540
0 0 0 4540
0 0 0 4540
0 0 0 4540
0 0 1 4540
0 0 0 4575
0 0 0 4555
0 0 0 4555
0 0 0 4555
0 0 0 4555
0 0 0 4555
0 0 0 4555
0 0 0 4555
0 0 0 4555
0 0 0 4555
0 0 0 4555
0 0 0 4555
0 0 0 4555
0 0 0 4555
0 0 0 4555
0 0 0 4555
0 0 0 4555
0 0 0 4555
0 0 0 4555
0 0 0 4555
0 0 0 4555
0 0 0 4555
0 0 0 4555
0 0 0 4555
0 0 0 4555
0 0 0 4555
0 0 0 4555
0 0 0 4555
0 0 0 4555
0 0 0 4555
0 0 0 4555
0 0 0 4555
0 0 0 4555
0 0 0 4555
0 0 0 4555
0 0 0 4555
0 0 0 4555
0 0 0 4555
0 0 0 4555
0 0 0 4555
0 0 0 4555
0 0 0 4555
0 0 0 4555
0 0 0 4555
0 0 0 4555
0 0 0 4555
0 0 0 4555
0 0 0 4555
0 0 0 4555
0 0 0 4555
0 0 0 4555
0 0 0 4555
0 0 0 4555
0 0 0 4555
0 0 0 4555
0 0 0 4555
0 0 0 4555
0 0 0 4555
0 0 0 4555
0 0 0 4555
0 0 0 4555
0 0 0 4555
0 0 0 4555
0 0 0 4555
0 0 0 4555
0 0 0 4555
0 0 0 4555
0 0 0 4555
1 1 0 4555
1 2 0 4520
2 1 0 4505
2 2 0 4455
1 1 0 4425
1 0 0 4430
2 3 0 4415
3 2 0 4365
2 2 0 4300
0 0 0 4290
1 1 0 4330
4 2 0 4295
2 3 0 4175
1 1 0 4185
0 0 0 4190
2 1 0 4210
3 3 0 4140
2 2 0 4075
1 1 0 4065
0 0 0 4070
2 1 0 4090
3 3 0 4020
4 3 0 4000
0 1 0 4000
0 0 0 4000
2 2 0 4000
4 3 0 4000
3 3 0 4000
2 1 0 4000
0 0 0 4000
1 0 0 4000
2 2 0 4000
4 3 0 4000
2 2 0 4000
0 1 0 4000
0 0 0 4000
2 2 0 4000
2 2 0 4000
3 3 0 4000
2 1 0 4000
0 1 0 4000
0 0 0 4000
1 1 0 4000
0 0 0 4000
0 0 0 4000
0 0 0 4000
0 0 0 4000
0 0 0 4000
0 0 0 4000
0 0 0 4000
0 0 0 4000
0 0 0 4000
0 0 0 4000
0 0 0 4000
0 0 0 4000
0 0 0 4000
0 0 0 4000
0 0 0 4000
0 0 0 4000
0 0 0 4000
0 0 0 4000
0 0 0 4000
0 0 0 4000
0 0 0 4000
0 0 0 4000
0 0 0 4000
0 0 0 4000
0 0 0 4000
0 0 0 4000
0 0 0 4000
0 0 0 4000
0 0 0 4000
0 0 0 4000
0 0 0 4000
0 0 0 4000
0 0 0 4000
0 0 0 4000
0 0 0 4000
0 0 0 4000
0 0 0 4000
0 0 0 4000
0 0 0 4000
0 0 0 4000
0 0 0 4000
0 0 0 4000
0 0 0 4000
0 0 0 4000
0 0 0 4000
0 0 0 4000
0 0 0 4000
0 0 0 4000
0 0 0 4000
0 0 0 4000
0 0 0 4000
0 0 0 4000
0 0 0 4000
0 0 0 4000
0 0 0 4000
0 0 0 4000
0 0 0 4000
0 0 1 4035
0 0 2 4085
0 0 3 4150
0 0 4 4230
0 0 4 4290
0 0 3 4315
0 0 3 4360
0 0 2 4370
0 0 2 4400
0 0 2 4430
0 0 2 4460
0 0 2 4490
0 0 2 4520
0 0 2 4550
0 0 2 4580
0 1 2 4610
0 0 2 4640
0 0 2 4670
0 0 2 4700
0 0 2 4730
0 0 2 4760
0 0 3 4825
0 0 2 4835
0 0 3 4900
0 1 3 4945
0 0 2 4955
1 0 2 4985
0 1 3 5015
1 1 3 5080
1 1 3 5090
2 2 3 5120
2 2 3 5115
3 3 3 5130
3 3 3 5110
4 5 3 5110
4 4 3 5075
5 5 3 5060
4 5 3 5010
6 5 3 5015
4 5 3 4930
5 5 3 4955
5 5 3 4905
4 4 3 4875
4 5 3 4880
4 3 3 4865
4 4 3 4850
3 3 2 4835
3 3 3 4820
3 3 2 4840
2 2 3 4805
3 3 3 4860
1 1 3 4840
2 2 3 4910
1 2 3 4905
2 1 2 4955
2 2 3 4915
1 2 3 4950
1 1 3 5000
2 2 3 5030
2 2 2 4990
2 3 3 5025
3 2 3 5040
3 3 3 5020
2 3 3 5020
4 3 3 5055
4 4 3 5000
3 4 3 4985
5 4 3 5005
3 4 3 4935
5 5 2 4940
3 4 2 4855
4 4 2 4880
4 3 2 4830
3 4 2 4800
3 3 2 4805
3 3 2 4790
2 2 3 4775
3 2 3 4830
1 2 3 4810
2 2 3 4880
2 1 3 4875
1 1 2 4890
1 2 3 4905
1 1 3 4955
1 1 3 4985
1 1 3 5015
2 2 3 5045
2 2 2 5040
2 2 3 5020
3 3 3 5055
2 3 3 5035
3 3 3 5070
3 4 3 5050
4 3 3 5050
4 4 3 5015
4 4 3 5000
4 4 3 4985
4 5 2 4970
4 4 3 4925
4 3 3 4910
3 4 3 4895
3 4 3 4915
4 3 3 4915
3 3 2 4845
3 3 2 4850
3 3 2 4835
3 3 0 4750
2 2 0 4705
2 2 0 4695
1 1 0 4665
0 1 0 4670
1 0 0 4690
0 0 0 4655
0 0 0 4675
0 0 0 4675
0 0 0 4675
0 0 0 4675
0 0 0 4675
0 0 0 4675
0 0 0 4675
0 0 0 4675
0 1 0 4675
0 1 0 4675
0 2 0 4675
0 1 0 4675
0 2 0 4675
0 2 0 4675
0 1 0 4675
0 2 0 4675
0 2 0 4675
0 2 0 4675
0 2 0 4675
0 1 0 4675
0 3 0 4675
0 2 0 4360
0 0 0 4540
0 0 0 4540
0 0 0 4540
0 0 0 4540
0 0 0 4540
0 0 0 4540
0 0 0 4540
0 0 0 4540
0 0 0 4540
0 0 0 4540
0 0 0 4540
0 0 0 4540
0 0 0 4540
0 0 0 4540
0 0 0 4540
0 0 0 4540
0 0 0 4540
0 0 0 4540
0 0 0 4540
0 0 0 4540
0 0 0 4540
0 0 0 4540
0 0 0 4540
0 0 0 4540
0 0 0 4540
0 0 0 4540
0 0 0 4540
0 0 0 4540
0 0 0 4540
0 0 0 4540
0 0 0 4540
0 0 0 4540
0 0 0 4540
0 0 0 4540
0 0 0 4540
0 0 0 4540
0 0 0 4540
0 0 1 4540
0 0 2 4575
0 0 2 4625
0 0 4 4655
0 0 4 4755
0 0 4 4815
0 0 4 4875
0 1 4 4935
0 0 4 4995
0 0 5 5055
0 0 5 5150
0 1 5 5225
1 1 5 5300
2 3 5 5340
4 4 5 5365
4 5 5 5340
5 6 5 5355
7 7 5 5335
7 7 5 5265
8 8 5 5235
7 8 5 5170
8 8 5 5160
7 9 5 5095
8 8 4 5050
8 7 5 5005
8 8 4 4960
7 7 5 4880
7 7 4 4890
6 6 4 4825
6 6 5 4815
5 5 5 4820
5 5 4 4840
3 4 4 4805
3 3 5 4875
4 3 4 4890
2 3 4 4870
3 3 4 4940
3 2 4 4935
2 3 4 4950
3 3 5 5035
3 3 4 5010
3 3 4 5025
3 4 4 5040
4 3 4 5055
4 4 4 5035
4 4 4 5035
4 5 4 5035
4 4 4 5035
4 5 4 5035
5 5 4 5035
5 4 4 5000
4 5 4 4985
5 5 4 5005
5 5 4 4970
4 4 4 4955
4 5 4 4975
4 4 4 4975
4 4 4 4975
4 4 4 4975
4 4 4 4975
4 3 4 4975
3 4 4 4975
3 4 4 5010
4 3 4 5025
4 4 4 5005
3 4 4 5005
4 4 4 5040
4 4 4 5020
4 4 4 5020
5 5 4 5020
4 4 4 4985
4 5 4 5005
4 4 4 5005
4 5 4 5005
3 8 4 5005
2 11 4 4515
1 11 4 4000
0 5 4 4000
0 0 1 4000
0 0 0 4000
0 0 0 4000
0 0 0 4000
0 0 0 4000
0 0 0 4000
0 0 0 4000
0 0 0 4000
0 0 0 4000
0 0 0 4000
0 0 0 4000
0 0 0 4000
0 0 0 4000
0 0 0 4000
0 0 0 4000
0 0 0 4000
0 0 0 4000
0 0 0 4000
0 0 0 4000
0 0 0 4000
0 0 0 4000
0 0 0 4000
0 0 0 4000
0 0 0 4000
0 0 0 4000
0 0 0 4000
0 0 0 4000
0 0 0 4000
0 0 0 4000
0 0 0 4000
0 0 0 4000
0 0 0 4000
0 0 0 4000
0 0 0 4000
0 0 0 4000
0 0 0 4000
0 0 0 4000
0 0 0 4000
0 0 0 4000
0 0 0 4000
1 0 0 4000
0 0 0 4000
0 0 0 4000
0 0 0 4000
0 0 0 4000
0 0 0 4000
0 0 0 4000
0 0 0 4000
0 0 0 4000
0 0 0 4000
0 0 0 4000
0 0 0 4000
0 0 0 4000
0 0 0 4000
0 0 2 4070
0 0 4 4170
0 0 4 4230
0 0 5 4325
0 0 5 4400
0 0 5 4475
0 0 5 4550
0 0 5 4625
0 0 5 4700
0 2 5 4775
0 0 5 4925
0 0 4 4965
0 0 5 5060
1 1 5 5135
1 1 5 5175
1 2 5 5235
2 2 4 5260
3 3 5 5305
4 4 5 5315
5 6 4 5275
5 6 5 5275
6 6 4 5240
7 7 4 5190
6 7 5 5160
8 8 5 5165
7 7 5 5080
7 7 5 5070
7 8 4 5005
7 7 4 4960
6 6 4 4915
6 6 5 4940
6 6 4 4890
6 6 4 4860
4 5 4 4830
5 4 4 4870
4 4 4 4835
4 4 5 4890
3 4 4 4870
4 3 4 4905
2 3 4 4885
3 2 4 4955
3 3 4 4950
2 3 4 4965
3 3 4 5015
3 3 5 5045
2 2 4 5040
4 4 4 5090
4 3 4 5050
3 4 4 5050
4 4 4 5085
4 5 4 5065
5 4 4 5065
4 5 4 5030
4 4 4 5050
5 5 4 5050
4 5 4 5015
5 5 5 5035
5 4 4 5035
5 5 4 5000
4 5 4 4985
4 4 4 5005
4 5 5 5005
5 4 4 5040
4 5 4 4985
4 4 3 5005
5 4 1 4970
4 5 0 4850
4 4 0 4790
4 4 0 4730
3 3 0 4670
3 2 0 4645
2 3 0 4600
1 1 0 4590
1 0 0 4595
0 0 0 4580
0 0 0 4600
0 0 0 4600
0 0 0 4600
0 0 0 4600
0 0 0 4600
0 0 0 4600
0 0 0 4600
0 0 0 4600
0 0 0 4600
0 0 0 4600
0 0 0 4600
0 0 0 4600
0 0 0 4600
0 0 0 4600
0 0 0 4600
0 0 0 4600
0 0 0 4600
0 0 0 4600
0 0 0 4600
0 0 0 4600
0 0 0 4600
0 0 0 4600
0 0 0 4600
0 0 0 4600
0 0 0 4600
0 0 0 4600
0 0 0 4600
0 0 0 4600
0 0 0 4600
0 0 0 4600
0 0 0 4600
0 0 0 4600
0 0 0 4600
0 0 0 4600
0 0 0 4600
0 0 0 4600
0 0 0 4600
0 0 0 4600
0 0 0 4600
0 0 0 4600
0 0 0 4600
0 0 0 4600
0 0 0 4600
0 0 0 4600
0 0 0 4600
0 0 0 4600
0 0 0 4600
0 0 0 4600
0 0 0 4600
0 0 0 4600
0 0 0 4600
0 0 0 4600
0 0 0 4600
0 0 0 4600
0 0 0 4600
0 0 0 4600
0 0 0 4600
0 0 0 4600
0 0 0 4600
0 0 0 4600
0 0 0 4600
0 0 0 4600
0 0 0 4600
0 0 0 4600
0 0 0 4600
0 0 0 4600
0 0 0 4600
0 0 4 4740
0 0 8 4940
0 0 9 5095
0 1 9 5230
0 0 9 5365
2 2 9 5500
2 3 9 5565
4 6 9 5670
5 6 9 5705
7 9 9 5745
8 11 9 5735
9 12 9 5415
11 13 9 5260
11 11 9 5370
11 12 9 5340
12 12 9 5310
11 12 9 5245
11 11 9 5235
12 12 9 5205
11 12 9 5140
11 11 9 5130
11 11 9 5100
11 11 9 5070
10 10 9 5040
10 10 9 5045
8 9 9 5030
9 9 9 5085
9 8 9 5065
8 8 9 5065
7 8 9 5100
4 9 9 5150
3 12 9 4760
2 14 9 4225
1 9 8 4000
1 2 8 4000
0 0 4 4105
0 0 1 4080
0 0 0 4060
0 0 0 4060
0 0 0 4060
0 0 0 4060
0 0 0 4060
0 0 0 4060
0 0 0 4060
0 0 0 4060
0 0 0 4060
0 0 0 4060
0 0 0 4060
0 0 0 4060
0 0 0 4060
0 0 0 4060
0 0 0 4060
0 0 0 4060
0 0 0 4060
0 0 0 4060
0 0 0 4060
0 0 0 4060
0 0 0 4060
0 0 0 4060
0 0 0 4060
0 0 0 4060
0 0 0 4060
0 0 0 4060
0 0 0 4060
0 0 0 4060
0 0 0 4060
0 0 0 4060
0 0 0 4060
0 0 0 4060
0 0 0 4060
0 0 0 4060
0 0 0 4060
0 0 0 4060
0 0 0 4060
0 0 0 4060
0 0 0 4060
0 0 0 4060
0 0 0 4060
0 0 0 4060
0 0 0 4060
0 0 0 4060
0 0 0 4060
0 0 1 4095
0 0 4 4215
0 0 4 4275
0 0 5 4370
0 0 4 4410
0 0 5 4505
0 0 5 4580
0 0 5 4655
0 0 4 4695
0 1 5 4790
0 0 5 4865
0 0 6 4940
0 0 6 5050
0 0 6 5140
0 1 7 5230
2 1 7 5355
2 2 7 5390
2 4 7 5465
5 5 7 5540
5 7 6 5510
7 8 6 5505
8 9 6 5450
9 9 6 5400
9 11 6 5335
10 10 6 5290
10 11 7 5245
11 11 6 5165
10 10 6 5070
10 10 6 5030
10 10 6 4970
9 9 6 4910
9 9 6 4885
7 8 6 4840
7 7 6 4865
7 6 6 4850
3 4 6 4835
2 2 6 4960
2 3 6 5040
2 2 6 5100
3 3 6 5160
3 3 6 5185
3 4 6 5230
5 4 6 5275
4 5 6 5250
5 5 6 5300
3 10 6 5295
2 16 6 4645
0 18 6 4000
0 12 6 4000
0 4 6 4000
0 0 6 4000
0 0 6 4210
0 0 6 4300
0 0 5 4355
0 0 1 4290
0 0 0 4270
0 0 0 4270
0 0 1 4305
0 0 0 4285
0 0 0 4285
0 0 0 4285
0 0 0 4285
0 0 0 4285
0 0 0 4285
0 0 0 4285
0 0 0 4285
0 0 0 4285
0 0 0 4285
0 0 0 4285
0 0 0 4285
0 0 0 4285
0 0 0 4285
0 0 0 4285
0 0 0 4285
0 0 0 4285
0 0 0 4285
0 0 0 4285
0 0 0 4285
0 0 0 4285
0 0 0 4285
0 0 0 4285
0 0 0 4285
0 0 0 4285
0 0 0 4285
0 0 0 4285
0 0 0 4285
0 0 0 4285
0 0 0 4285
0 0 0 4285
0 0 0 4285
0 0 0 4285
0 0 0 4285
0 0 0 4285
0 0 0 4285
0 0 0 4285
0 0 0 4285
0 0 0 4285
0 0 0 4285
0 0 0 4285
0 0 0 4285
0 0 0 4285
0 0 0 4285
0 0 0 4285
0 0 0 4285
0 0 0 4285
0 0 4 4285
0 0 6 4555
0 0 5 4610
0 0 5 4685
0 1 5 4760
0 0 5 4835
0 1 5 4910
0 0 5 4985
0 0 6 5095
0 0 8 5255
1 0 8 5375
1 1 8 5460
2 3 8 5565
3 5 8 5635
5 6 8 5690
6 9 8 5695
7 9 8 5390
9 10 8 5565
9 10 8 5510
10 11 8 5495
11 12 8 5445
10 12 8 5380
12 12 8 5370
12 12 8 5270
12 12 8 5210
11 12 8 5150
11 11 8 5125
12 12 8 5080
10 11 8 5000
11 10 8 5010
10 10 8 4945
9 9 8 4935
9 9 8 4940
9 8 8 4925
7 8 8 4910
7 7 8 4965
6 7 8 4980
6 6 8 5030
6 5 8 5060
4 5 8 5090
6 6 8 5190
5 5 8 5180
5 7 8 5245
6 6 8 5290
6 6 8 5300
7 7 8 5330
7 8 8 5325
5 11 8 5340
5 18 8 4795
3 17 7 4000
3 14 5 4000
2 5 0 4000
1 0 0 4000
0 0 0 4000
0 0 0 4000
0 0 0 4000
0 0 0 4000
0 0 0 4000
0 0 0 4000
0 0 0 4000
0 0 0 4000
0 0 0 4000
0 0 0 4000
0 0 0 4000
0 0 0 4000
0 0 0 4000
0 0 0 4000
0 0 0 4000
0 0 0 4000
0 0 0 4000
0 0 0 4000
0 0 0 4000
0 0 0 4000
0 0 0 4000
0 0 0 4000
0 0 0 4000
0 0 0 4000
0 0 0 4000
0 0 0 4000
0 0 0 4000
0 0 0 4000
0 0 0 4000
0 0 0 4000
0 0 0 4000
0 0 0 4000
0 0 0 4000
0 0 1 4000
0 0 0 4035
0 0 1 4015
0 0 0 4050
0 0 0 4030
0 0 0 4030
0 0 0 4030
0 0 0 4030
0 0 0 4030
0 0 0 4030
0 0 0 4030
0 0 0 4030
0 0 0 4030
0 0 0 4030
0 0 0 4030
0 0 0 4030
0 0 0 4030
0 0 0 4030
0 0 0 4030
0 0 0 4030
0 0 0 4030
0 0 0 4030
0 0 0 4030
0 0 0 4030
0 0 0 4030
0 0 0 4030
0 0 0 4030
0 0 0 4030
0 0 0 4030
0 0 0 4030
0 0 0 4030
0 0 0 4030
0 0 0 4030
0 0 0 4030
0 0 0 4030
0 0 0 4030
0 0 0 4030
0 0 0 4030
0 0 0 4030
0 0 0 4030
0 0 0 4030
0 0 0 4030
0 0 0 4030
0 0 0 4030
0 0 0 4030
0 0 0 4030
0 0 0 4030
0 0 0 4030
0 0 0 4030
0 0 0 4030
0 0 0 4030
0 0 0 4030
0 0 0 4030
0 0 0 4030
0 0 0 4030
0 0 0 4030
0 0 0 4030
0 0 0 4030
0 0 0 4030
0 0 0 4030
0 0 0 4030
0 0 0 4030
0 0 0 4030
0 0 0 4030
0 0 0 4030
0 0 0 4030
0 0 0 4030
0 0 0 4030
0 0 0 4030
0 0 0 4030
0 0 0 4030
0 0 0 4030
0 0 0 4030
0 0 0 4030
0 0 0 4030
0 0 0 4030
0 0 0 4030
0 0 0 4030
0 1 0 4030
0 3 0 4030
0 5 0 4000
0 4 0 4000
0 5 0 4000
0 5 0 4000
0 4 0 4000
0 3 0 4000
0 3 0 4000
1 1 0 4000
0 1 0 4000
0 0 0 4000
0 0 0 4000
0 0 0 4000
0 0 0 4000
0 0 0 4000
0 0 0 4000
0 0 0 4000
0 0 0 4000
0 0 0 4000
0 0 0 4000
0 0 0 4000
0 0 0 4000
0 0 0 4000
0 0 0 4000
0 0 0 4000
0 0 0 4000
0 0 0 4000
0 0 0 4000
0 0 0 4000
0 0 0 4000
0 0 0 4000
0 0 0 4000
0 0 0 4000
0 0 0 4000
0 0 0 4000
0 0 0 4000
0 0 0 4000
0 0 0 4000
0 0 0 4000
0 0 0 4000
0 0 0 4000
0 0 0 4000
0 0 0 4000
0 0 0 4000
0 0 0 4000
0 0 0 4000
0 0 0 4000
0 0 0 4000
0 0 0 4000
0 0 0 4000
0 0 0 4000
0 0 0 4000
0 0 0 4000
0 0 0 4000
0 0 0 4000
0 0 0 4000
0 0 0 4000
0 0 0 4000
0 0 0 4000
2 0 0 4000
0 0 0 4000
0 0 0 4000
0 0 0 4000
0 0 0 4000
0 0 0 4000
0 0 0 4000
0 0 0 4000
0 0 0 4000
0 0 0 4000
0 0 0 4000
0 0 0 4000
0 0 0 4000
0 0 0 4000
0 0 0 4000
0 0 0 4000
0 0 0 4000
0 0 0 4000
0 0 0 4000
0 0 0 4000
0 0 0 4000
0 0 0 4000
0 0 0 4000
0 0 0 4000
0 0 0 4000
0 0 0 4000
0 0 0 4000
0 0 0 4000
0 0 0 4000
0 0 0 4000
0 0 0 4000
0 0 0 4000
0 0 0 4000
0 0 0 4000
0 0 0 4000
0 0 0 4000
0 0 0 4000
0 0 0 4000
0 0 0 4000
0 0 0 4000
0 0 0 4000
0 0 0 4000
0 0 0 4000
0 0 0 4000
0 0 0 4000
0 0 0 4000
0 0 0 4000
0 0 0 4000
0 0 0 4000
0 0 0 4000
0 0 0 4000
0 0 0 4000
0 0 0 4000
0 0 0 4000
0 0 0 4000
0 0 0 4000
0 0 0 4000
0 0 0 4000
0 0 0 4000
0 0 0 4000
0 0 0 4000
0 0 0 4000
0 0 0 4000
0 0 0 4000
0 0 0 4000
0 0 0 4000
0 0 0 4000
0 0 0 4000
0 0 0 4000
0 0 0 4000
0 0 0 4000
0 0 0 4000
0 0 0 4000
0 0 0 4000
0 0 0 4000
0 0 0 4000
0 0 0 4000
0 0 0 4000
0 0 0 4000
0 0 0 4000
0 0 0 4000
0 0 0 4000
0 0 0 4000
0 0 0 4000
0 0 0 4000
0 0 0 4000
0 0 0 4000
0 0 0 4000
0 0 0 4000
0 0 0 4000
0 0 0 4000
0 0 0 4000
0 0 0 4000
0 0 0 4000
0 0 0 4000
0 0 0 4000
0 0 0 4000
0 0 0 4000
0 0 0 4000
0 0 0 4000
0 0 0 4000
0 0 0 4000
0 0 0 4000
0 0 0 4000
0 0 0 4000
0 0 0 4000
0 0 0 4000
0 0 0 4000
0 0 0 4000
0 0 0 4000
0 0 0 4000
0 0 0 4000
0 0 0 4000
0 0 0 4000
0 0 0 4000
0 0 0 4000
0 0 0 4000
0 0 0 4000
0 0 0 4000
0 0 0 4000
0 0 0 4000
0 0 0 4000
0 0 0 4000
0 0 0 4000
0 0 0 4000
0 0 0 4000
0 0 0 4000
0 0 0 4000
0 0 0 4000
0 0 0 4000
0 0 0 4000
0 0 0 4000
0 0 0 4000
0 0 0 4000
0 0 0 4000
0 0 0 4000
0 0 0 4000
0 0 0 4000
0 0 0 4000
0 0 0 4000
0 0 0 4000
0 0 0 4000
0 0 0 4000
0 0 0 4000
0 0 0 4000
0 0 0 4000
0 0 0 4000
0 0 0 4000
0 0 0 4000
0 0 0 4000
0 0 0 4000
0 0 0 4000
0 0 0 4000
0 0 0 4000
