0 0 0 8000
0 0 0 8000
0 0 0 8000
0 0 0 8000
0 0 0 8000
0 0 0 8000
0 0 0 8000
0 0 0 8000
0 0 0 8000
0 9 0 8000
0 34 0 8000
0 52 0 8000
4 58 0 8000
0 61 0 8000
4 62 0 8000
2 61 0 8000
3 62 0 8000
7 60 0 7380
4 61 0 6840
3 61 0 6200
4 60 0 5590
4 54 0 5020
0 48 0 4660
0 42 0 4360
0 27 0 4120
0 6 0 4300
0 1 0 4870
0 2 0 5010
0 8 0 4960
0 11 0 4700
0 12 0 4500
0 10 0 4350
0 4 0 4310
0 0 0 4450
0 0 0 4570
0 0 0 4570
0 1 0 4570
0 1 0 4530
0 0 0 4520
0 0 0 4550
0 0 0 4550
0 0 0 4550
0 0 0 4550
0 0 0 4550
0 0 0 4550
0 0 0 4550
0 1 0 4550
0 0 0 4510
0 0 0 4540
0 0 0 4540
0 0 0 4540
0 0 0 4540
0 0 0 4540
0 0 0 4540
0 0 0 4540
0 0 0 4540
0 0 0 4540
0 0 0 4540
0 0 0 4540
0 0 0 4540
0 0 0 4540
0 0 0 4540
0 0 0 4540
0 0 0 4540
0 0 0 4540
0 0 0 4540
0 1 0 4540
0 0 0 4500
0 0 0 4530
0 0 0 4530
0 0 0 4530
0 0 0 4530
0 0 0 4530
0 0 0 4530
0 0 0 4530
0 0 0 4530
0 0 0 4530
0 0 0 4530
0 0 0 4530
0 0 0 4530
0 0 0 4530
0 0 0 4530
0 0 0 4530
0 0 0 4530
0 0 0 4530
0 0 0 4530
0 0 0 4530
0 0 0 4530
0 0 0 4530
0 0 0 4530
0 0 0 4530
0 0 0 4530
0 0 0 4530
0 0 0 4530
0 0 0 4530
0 0 0 4530
0 0 0 4530
0 0 0 4530
0 0 0 4530
0 0 0 4530
0 0 0 4530
0 0 0 4530
0 0 0 4530
0 0 0 4530
0 0 0 4530
0 0 0 4530
0 0 0 4530
0 0 0 4530
0 0 0 4530
0 0 0 4530
0 0 0 4530
0 0 0 4530
0 0 0 4530
0 0 0 4530
0 0 0 4530
0 0 1 4570
0 0 0 4540
0 0 0 4540
0 0 0 4540
0 0 0 4540
0 0 0 4540
0 0 1 4580
0 0 1 4590
0 0 1 4600
0 0 0 4610
0 0 0 4580
0 0 0 4580
0 0 0 4580
0 0 0 4580
0 0 0 4580
0 0 1 4620
0 0 30 5790
0 0 29 6050
1 4 29 6340
2 16 28 6470
3 21 28 6200
5 21 28 6120
6 20 28 6190
8 18 28 6300
10 18 28 6460
10 20 28 6560
12 20 28 6580
13 20 28 6660
15 21 29 6740
16 21 29 6820
16 21 28 6860
18 25 29 6970
19 26 29 6890
16 25 30 6890
11 22 14 7000
7 23 5 6530
6 24 0 6050
2 23 1 5630
1 18 0 5470
0 12 0 5410
0 10 0 5470
0 9 0 5430
0 10 0 5370
0 9 0 5240
0 7 0 5180
0 7 0 5170
0 13 0 5100
0 16 0 4790
0 17 0 4540
0 13 0 4340
0 7 0 4330
0 0 0 4440
0 0 0 4650
0 1 0 4650
0 1 0 4610
0 3 0 4600
0 3 0 4510
0 2 0 4480
0 1 0 4490
0 0 0 4510
0 0 0 4540
0 0 0 4540
0 0 0 4540
0 0 0 4500
0 0 0 4530
0 0 0 4530
0 0 0 4530
0 0 0 4530
0 0 0 4530
0 0 0 4530
0 0 0 4530
0 0 0 4530
0 0 0 4530
0 0 0 4530
0 0 0 4530
0 0 0 4530
0 0 0 4530
0 0 0 4530
0 0 0 4530
0 0 0 4530
0 0 0 4530
0 0 0 4530
0 0 0 4530
0 0 0 4530
0 0 0 4530
0 0 0 4530
0 0 0 4530
0 0 0 4530
0 0 0 4530
0 0 0 4530
0 1 0 4530
0 0 0 4530
0 0 0 4530
0 0 0 4530
0 0 0 4530
0 0 0 4530
0 0 0 4530
0 0 0 4530
0 0 0 4530
0 0 0 4530
0 0 0 4530
0 0 0 4530
0 0 0 4530
0 0 0 4530
0 0 0 4530
0 0 0 4530
0 0 0 4530
0 0 0 4530
0 0 0 4530
0 0 0 4530
0 0 0 4530
0 0 0 4530
0 0 0 4530
0 0 0 4530
0 0 0 4530
0 0 0 4530
0 0 0 4530
0 0 14 5090
0 0 28 5790
0 4 30 6150
2 14 29 5770
4 17 29 4540
6 13 29 4090
6 3 29 4700
4 4 28 5770
3 6 29 6040
4 10 29 5880
5 16 28 5460
6 16 29 4660
8 11 28 4580
8 6 28 5410
7 9 28 5970
7 9 28 6210
9 14 28 6420
10 18 28 5750
11 17 28 5220
12 15 28 5360
13 13 28 5730
13 14 28 6210
14 15 28 6360
14 18 30 6470
16 19 20 6050
14 19 6 5730
11 13 0 4850
7 14 0 5250
4 8 1 4180
0 3 0 4470
0 0 0 4560
0 0 0 4920
0 0 0 4920
0 2 0 4920
0 8 1 4960
0 11 0 4000
0 11 0 4000
0 6 0 4000
0 0 0 4000
0 0 0 4000
0 0 0 4000
0 0 0 4000
0 0 0 4000
0 0 0 4000
0 0 0 4000
0 0 0 4000
0 0 0 4000
0 0 0 4000
0 0 0 4000
0 0 0 4000
0 0 0 4000
0 0 0 4000
0 0 0 4000
0 0 0 4000
0 0 0 4000
0 0 0 4000
0 0 0 4000
0 0 0 4000
0 0 0 4000
0 0 0 4000
0 0 0 4000
0 0 0 4000
0 0 0 4000
0 0 0 4000
0 0 0 4000
0 0 0 4000
0 0 0 4000
0 0 0 4000
0 0 0 4000
0 0 0 4000
0 0 0 4000
0 0 0 4000
0 0 0 4000
0 0 0 4000
0 0 0 4000
0 0 0 4000
0 0 0 4000
0 0 0 4000
0 0 5 4200
0 0 23 4970
0 2 27 5200
1 3 27 5590
3 3 28 5860
3 9 28 6050
5 14 28 5340
6 13 28 4790
8 10 29 4940
8 8 28 5960
8 8 28 6130
8 14 28 6330
10 16 29 5610
10 18 29 5500
12 14 28 5090
13 13 29 6190
12 13 29 6320
13 15 29 6520
13 20 29 6650
15 21 29 5690
17 25 28 5610
17 19 29 5140
16 19 23 5980
14 22 13 5200
11 32 4 4000
9 32 2 4000
8 18 2 4000
6 10 0 4000
6 1 0 4000
3 0 0 4000
3 0 0 4000
2 0 0 4000
1 0 0 4000
1 0 0 4000
0 0 0 4000
1 0 0 4000
0 0 0 4000
0 0 0 4000
0 0 0 4000
0 0 0 4000
0 0 0 4000
0 0 0 4000
0 0 0 4000
0 0 0 4000
0 0 0 4000
0 0 0 4000
0 0 0 4000
0 0 0 4000
0 0 0 4000
0 0 0 4000
0 0 0 4000
0 0 0 4000
0 0 0 4000
0 0 0 4000
0 0 0 4000
0 0 0 4000
0 0 0 4000
0 0 0 4000
0 0 0 4000
0 0 0 4000
0 0 0 4000
0 0 0 4000
0 0 0 4000
0 0 0 4000
0 0 0 4000
0 0 0 4000
0 0 0 4000
0 0 0 4000
0 0 0 4000
0 0 0 4000
0 0 0 4000
0 0 0 4000
0 0 0 4000
0 0 0 4000
0 0 0 4000
0 0 0 4000
0 0 0 4000
0 0 0 4000
0 0 0 4000
0 0 0 4000
0 0 0 4000
0 0 0 4000
0 0 0 4000
0 0 0 4000
0 0 0 4000
0 0 0 4000
0 0 0 4000
0 0 0 4000
0 0 0 4000
0 0 1 4040
0 0 30 5210
0 1 30 5510
0 4 28 5690
2 8 28 5840
3 14 28 5920
6 15 28 5880
6 16 28 5980
8 16 28 6070
9 16 28 6190
11 19 28 6310
12 19 28 6310
13 20 28 6400
14 18 28 6450
16 20 28 6610
16 20 30 6630
18 21 25 6790
18 20 16 6650
19 22 4 6370
18 23 0 5770
17 29 1 5390
15 30 0 4960
11 29 0 4600
9 26 0 4340
8 17 1 4210
8 4 0 4280
5 0 0 4630
5 0 0 4750
3 3 0 4750
3 4 1 4630
2 6 1 4600
0 4 0 4450
0 2 0 4470
0 0 0 4510
0 0 0 4570
0 0 0 4570
0 1 0 4570
0 2 0 4530
0 0 0 4480
0 0 0 4540
0 0 0 4540
0 0 0 4540
0 0 0 4540
0 0 0 4540
0 0 0 4540
0 0 0 4540
0 0 0 4540
0 0 0 4540
0 0 0 4540
0 0 0 4540
0 0 0 4540
0 0 0 4540
0 0 0 4540
0 0 0 4540
0 0 0 4540
0 0 0 4540
0 0 0 4540
0 0 0 4540
0 0 0 4540
0 0 0 4540
0 0 0 4540
0 0 0 4540
0 0 0 4540
0 0 0 4540
0 0 0 4540
0 0 0 4540
0 0 0 4540
0 0 0 4540
0 0 0 4540
0 0 0 4540
0 0 0 4540
0 0 0 4540
0 0 0 4540
0 0 0 4540
0 0 0 4540
0 0 0 4540
0 0 0 4540
0 0 0 4540
0 0 0 4540
0 0 0 4540
0 0 0 4540
0 0 0 4540
0 0 0 4540
0 0 0 4540
0 0 0 4540
0 1 0 4540
0 0 0 4540
0 0 0 4540
0 0 0 4540
0 0 0 4540
0 0 0 4540
0 0 0 4540
0 0 0 4540
0 0 19 4540
0 0 28 5300
0 0 28 5850
0 3 28 6130
2 14 28 5930
4 17 28 4570
5 16 28 4110
6 5 28 4110
5 4 28 5620
4 3 28 5880
5 15 28 5150
6 14 28 4680
8 8 28 4790
6 6 28 5890
7 8 28 6170
7 13 28 6350
8 19 28 5600
10 19 28 4730
12 13 28 4730
10 9 28 5910
10 10 28 6150
10 14 28 6330
10 18 28 5870
12 18 28 5250
14 17 28 5350
14 14 30 5750
13 15 27 6150
15 17 17 5920
14 18 5 5400
13 26 0 4500
11 26 0 4000
8 15 0 4000
7 7 0 4000
6 0 1 4000
5 0 1 4000
4 0 1 4000
3 0 0 4000
1 0 0 4000
1 0 0 4000
0 0 0 4000
0 0 0 4000
0 0 0 4000
0 0 0 4000
0 0 0 4000
0 0 0 4000
0 0 0 4000
0 0 0 4000
0 0 0 4000
0 0 0 4000
0 0 0 4000
0 0 0 4000
0 0 0 4000
0 0 0 4000
0 0 0 4000
0 0 0 4000
0 0 0 4000
0 0 0 4000
0 0 0 4000
0 0 0 4000
0 0 0 4000
0 0 0 4000
0 0 0 4000
0 0 0 4000
0 0 0 4000
0 0 0 4000
0 0 0 4000
0 0 0 4000
0 0 0 4000
0 0 0 4000
0 0 0 4000
0 0 0 4000
0 0 0 4000
0 0 0 4000
0 0 0 4000
0 0 0 4000
0 0 0 4000
0 0 0 4000
0 0 0 4000
0 0 0 4000
0 0 0 4000
0 0 0 4000
0 0 0 4000
0 0 0 4000
0 0 0 4000
0 0 0 4000
0 0 0 4000
0 0 0 4000
0 0 0 4000
0 0 0 4000
0 0 0 4000
0 0 0 4000
0 0 0 4000
0 0 0 4000
0 0 0 4000
0 0 0 4000
0 0 0 4000
0 0 0 4000
0 0 0 4000
0 0 0 4000
0 0 0 4000
0 0 0 4000
0 0 0 4000
0 0 0 4000
0 0 0 4000
0 0 0 4000
0 0 0 4000
0 0 0 4000
0 0 0 4000
0 0 0 4000
0 0 0 4000
0 0 0 4000
0 0 0 4000
0 0 0 4000
0 0 0 4000
0 0 0 4000
0 0 0 4000
0 0 0 4000
0 0 0 4000
0 0 0 4000
0 0 0 4000
0 0 0 4000
0 0 0 4000
0 0 0 4000
0 0 0 4000
0 0 0 4000
0 0 0 4000
0 0 0 4000
0 0 0 4000
0 0 0 4000
0 0 0 4000
0 0 0 4000
0 0 0 4000
0 0 0 4000
0 0 0 4000
0 0 0 4000
0 0 0 4000
0 0 0 4000
0 0 0 4000
0 0 0 4000
0 0 0 4000
0 0 0 4000
0 0 0 4000
0 0 0 4000
0 0 0 4000
0 0 0 4000
0 0 0 4000
0 0 0 4000
0 0 0 4000
0 0 0 4000
0 0 0 4000
0 0 0 4000
0 0 0 4000
0 0 0 4000
0 0 0 4000
0 0 0 4000
0 0 0 4000
0 0 0 4000
0 0 0 4000
0 0 0 4000
0 0 0 4000
0 0 0 4000
0 0 0 4000
0 0 0 4000
0 0 0 4000
0 0 0 4000
0 0 0 4000
0 0 0 4000
0 0 0 4000
0 0 0 4000
0 0 0 4000
0 0 0 4000
0 0 0 4000
0 0 0 4000
0 0 0 4000
0 0 0 4000
0 0 0 4000
0 0 0 4000
0 0 0 4000
0 0 0 4000
0 0 0 4000
0 0 0 4000
0 0 0 4000
0 0 0 4000
0 0 0 4000
0 0 0 4000
0 0 0 4000
0 0 0 4000
0 0 0 4000
0 0 0 4000
0 0 0 4000
0 0 0 4000
0 0 0 4000
0 0 0 4000
0 0 0 4000
0 0 0 4000
0 0 0 4000
0 0 0 4000
0 0 0 4000
0 0 0 4000
0 0 0 4000
0 0 0 4000
0 0 0 4000
0 0 0 4000
0 0 0 4000
0 0 0 4000
0 0 0 4000
0 0 0 4000
0 0 0 4000
0 0 0 4000
0 0 0 4000
0 0 0 4000
0 0 0 4000
0 0 0 4000
0 0 0 4000
0 0 0 4000
0 0 0 4000
0 0 0 4000
0 0 0 4000
0 0 0 4000
0 0 0 4000
0 0 0 4000
0 0 0 4000
0 0 0 4000
0 0 0 4000
0 0 0 4000
0 0 0 4000
0 0 0 4000
0 0 0 4000
0 0 0 4000
0 0 0 4000
0 0 0 4000
0 0 0 4000
0 0 0 4000
0 0 0 4000
0 0 0 4000
0 0 0 4000
0 0 0 4000
0 0 0 4000
0 0 0 4000
0 0 0 4000
0 0 0 4000
0 0 0 4000
0 0 0 4000
0 0 0 4000
0 0 0 4000
0 0 0 4000
0 0 0 4000
0 0 0 4000
0 0 0 4000
0 0 0 4000
0 0 0 4000
0 0 0 4000
0 0 0 4000
0 0 0 4000
0 0 0 4000
0 0 0 4000
0 0 0 4000
0 0 0 4000
0 0 0 4000
0 0 0 4000
0 0 0 4000
0 0 0 4000
0 0 0 4000
0 0 0 4000
0 0 0 4000
0 0 0 4000
0 0 0 4000
0 0 0 4000
0 0 0 4000
0 0 0 4000
0 0 0 4000
0 0 0 4000
0 0 0 4000
0 0 0 4000
0 0 0 4000
0 0 0 4000
0 0 0 4000
0 0 0 4000
0 0 0 4000
0 0 0 4000
0 0 0 4000
0 0 0 4000
0 0 0 4000
0 0 0 4000
0 0 0 4000
0 0 0 4000
0 0 0 4000
0 0 0 4000
0 0 0 4000
0 0 0 4000
0 0 0 4000
0 0 0 4000
0 0 0 4000
0 0 0 4000
0 0 0 4000
0 0 0 4000
0 0 0 4000
0 0 0 4000
0 0 0 4000
0 0 0 4000
0 0 0 4000
0 0 0 4000
0 0 0 4000
0 0 0 4000
0 0 0 4000
0 0 0 4000
0 0 0 4000
0 0 0 4000
0 0 0 4000
0 0 0 4000
0 0 0 4000
0 0 0 4000
0 0 0 4000
0 0 0 4000
0 0 0 4000
0 0 0 4000
0 0 0 4000
0 0 0 4000
0 0 0 4000
0 0 0 4000
0 0 0 4000
0 0 0 4000
0 0 0 4000
0 0 0 4000
0 0 0 4000
0 0 0 4000
0 0 0 4000
0 0 0 4000
0 0 0 4000
0 0 0 4000
0 0 0 4000
0 0 0 4000
0 0 0 4000
0 0 0 4000
0 0 0 4000
0 0 0 4000
0 0 0 4000
0 0 0 4000
0 0 0 4000
0 0 0 4000
