--------reopened--------
0 0 0 4000
0 0 0 4000
0 0 0 4000
0 0 0 4000
0 0 0 4000
0 0 0 4000
0 0 0 4000
0 0 0 4000
0 0 0 4000
0 0 0 4000
0 0 0 4000
0 0 0 4000
0 0 0 4000
0 0 0 4000
0 0 0 4000
0 0 0 4000
0 0 0 4000
0 0 0 4000
0 0 0 4000
0 0 0 4000
0 0 0 4000
0 0 0 4000
0 0 0 4000
0 0 0 4000
0 0 0 4000
0 0 0 4000
0 0 0 4000
0 0 0 4000
0 0 0 4000
0 0 0 4000
1 0 0 4000
0 0 0 4000
0 0 0 4000
0 0 0 4000
0 0 0 4000
0 0 0 4000
0 0 0 4000
1 0 0 4000
0 0 0 4000
0 0 0 4000
1 0 0 4000
0 0 0 4000
0 0 0 4000
0 0 0 4000
0 0 0 4000
1 0 0 4000
1 0 0 4000
2 0 0 4000
2 0 0 4000
0 0 0 4000
0 0 0 4000
0 0 0 4000
0 0 0 4000
0 0 0 4000
0 0 0 4000
0 0 0 4000
2 0 0 4000
0 0 0 4000
0 0 0 4000
0 0 0 4000
0 0 0 4000
0 0 0 4000
0 0 0 4000
0 0 0 4000
0 0 0 4000
0 0 0 4000
0 0 0 4000
1 0 0 4000
0 0 0 4000
0 0 0 4000
0 0 0 4000
0 0 0 4000
0 0 0 4000
1 0 0 4000
0 0 0 4000
0 0 0 4000
0 0 0 4000
0 0 0 4000
0 0 0 4000
0 0 0 4000
0 0 0 4000
0 0 0 4000
0 0 0 4000
0 0 0 4000
0 0 0 4000
0 0 0 4000
0 0 0 4000
1 0 0 4000
0 0 0 4000
1 0 0 4000
0 0 0 4000
0 0 0 4000
0 0 0 4000
1 0 0 4000
0 0 0 4000
1 0 0 4000
0 0 0 4000
0 0 0 4000
1 0 0 4000
0 0 0 4000
0 0 0 4000
0 0 0 4000
0 0 0 4000
1 0 0 4000
0 0 0 4000
0 0 0 4000
0 0 0 4000
1 0 0 4000
0 0 0 4000
1 0 0 4000
0 0 0 4000
0 0 0 4000
0 0 0 4000
0 0 0 4000
0 0 0 4000
1 0 0 4000
0 0 0 4000
0 0 0 4000
0 0 0 4000
1 0 0 4000
0 0 0 4000
0 0 0 4000
0 0 0 4000
0 0 0 4000
0 0 0 4000
0 0 0 4000
2 0 0 4000
0 0 0 4000
1 0 0 4000
1 0 0 4000
0 0 0 4000
0 0 0 4000
0 0 0 4000
0 0 0 4000
0 0 0 4000
0 0 0 4000
0 0 0 4000
0 0 0 4000
1 0 0 4000
0 0 0 4000
1 0 0 4000
0 0 0 4000
2 0 0 4000
0 0 0 4000
0 0 0 4000
1 0 0 4000
1 0 0 4000
0 0 0 4000
0 0 0 4000
1 0 0 4000
1 0 0 4000
0 0 0 4000
0 0 0 4000
1 0 0 4000
0 0 0 4000
1 0 0 4000
0 0 0 4000
1 0 0 4000
0 0 0 4000
0 0 0 4000
0 0 0 4000
0 0 0 4000
1 0 0 4000
0 0 0 4000
0 0 0 4000
0 0 0 4000
0 0 0 4000
1 0 0 4000
0 0 0 4000
1 0 0 4000
1 0 0 4000
1 0 0 4000
0 0 0 4000
1 0 0 4000
1 0 0 4000
1 0 0 4000
1 0 0 4000
0 0 0 4000
1 0 0 4000
1 0 0 4000
1 0 0 4000
0 0 0 4000
0 0 0 4000
1 0 0 4000
1 0 0 4000
1 0 0 4000
1 0 0 4000
2 0 0 4000
0 0 0 4000
0 0 0 4000
2 0 0 4000
1 0 0 4000
1 0 0 4000
0 0 0 4000
2 0 0 4000
0 0 0 4000
1 0 0 4000
0 0 0 4000
0 0 0 4000
0 0 0 4000
0 0 0 4000
0 0 0 4000
0 0 0 4000
0 0 0 4000
0 1 0 4000
0 0 0 4000
0 0 0 4000
0 0 0 4000
0 0 0 4000
0 0 0 4000
0 1 0 4000
0 2 0 4000
0 0 0 4000
0 0 0 4000
0 0 0 4000
0 0 0 4000
0 0 0 4000
0 1 0 4000
0 1 0 4000
0 1 0 4000
0 0 0 4000
0 0 0 4000
0 0 0 4000
0 1 0 4000
0 2 0 4000
0 0 0 4000
0 0 0 4000
0 0 0 4000
0 0 0 4000
0 1 0 4000
0 1 0 4000
0 1 0 4000
0 0 0 4000
0 0 0 4000
0 0 0 4000
0 0 0 4000
0 0 0 4000
0 0 0 4000
0 0 0 4000
0 0 0 4000
0 0 0 4000
0 0 0 4000
0 0 0 4000
0 0 0 4000
0 0 0 4000
0 0 0 4000
0 0 0 4000
0 0 0 4000
0 0 0 4000
0 0 0 4000
0 0 0 4000
0 0 0 4000
0 0 0 4000
0 0 0 4000
1 0 0 4000
0 0 0 4000
0 0 0 4000
0 0 0 4000
1 0 0 4000
1 0 0 4000
1 0 0 4000
0 0 0 4000
1 0 0 4000
1 0 0 4000
1 0 0 4000
0 0 0 4000
0 0 0 4000
0 0 0 4000
0 0 0 4000
0 0 0 4000
0 0 0 4000
0 0 0 4000
0 0 0 4000
0 0 0 4000
0 0 0 4000
0 0 0 4000
0 0 0 4000
0 0 0 4000
0 0 0 4000
0 0 0 4000
0 0 0 4000
0 0 0 4000
0 0 0 4000
0 0 0 4000
0 0 0 4000
0 0 0 4000
0 0 0 4000
0 0 0 4000
0 0 0 4000
0 0 0 4000
0 0 0 4000
0 0 0 4000
0 0 0 4000
0 0 0 4000
0 0 0 4000
0 0 0 4000
0 0 0 4000
0 0 0 4000
0 0 0 4000
0 0 0 4000
0 0 0 4000
0 0 0 4000
0 0 0 4000
0 0 0 4000
0 0 0 4000
0 0 0 4000
0 0 0 4000
0 0 0 4000
0 0 0 4000
0 0 0 4000
0 0 0 4000
0 0 0 4000
0 0 0 4000
0 0 0 4000
0 0 0 4000
0 0 0 4000
0 0 0 4000
0 0 0 4000
0 0 0 4000
0 0 0 4000
0 0 0 4000
0 0 0 4000
0 0 0 4000
0 0 0 4000
0 0 0 4000
0 0 0 4000
0 0 0 4000
0 0 0 4000
0 0 0 4000
0 0 0 4000
0 0 0 4000
0 0 0 4000
0 0 0 4000
0 0 0 4000
0 0 0 4000
0 0 0 4000
0 0 0 4000
0 0 0 4000
0 0 0 4000
0 0 0 4000
0 0 0 4000
0 0 0 4000
0 0 0 4000
0 0 0 4000
0 0 0 4000
0 0 0 4000
0 0 0 4000
0 0 0 4000
0 0 0 4000
0 0 0 4000
0 0 0 4000
0 0 0 4000
0 0 0 4000
0 0 0 4000
0 0 0 4000
0 0 0 4000
0 0 0 4000
0 0 0 4000
0 0 0 4000
0 0 0 4000
0 0 0 4000
0 0 0 4000
0 0 0 4000
0 0 0 4000
0 0 0 4000
0 0 0 4000
0 0 0 4000
0 0 0 4000
0 0 0 4000
0 0 0 4000
0 0 0 4000
0 0 0 4000
0 0 0 4000
0 0 0 4000
0 0 0 4000
0 0 0 4000
0 0 0 4000
0 0 0 4000
0 0 0 4000
0 0 0 4000
0 0 0 4000
0 0 0 4000
0 0 0 4000
0 0 0 4000
0 0 0 4000
0 0 0 4000
0 0 0 4000
0 0 0 4000
0 0 0 4000
0 0 0 4000
0 0 0 4000
0 0 0 4000
0 0 0 4000
0 0 0 4000
0 0 0 4000
0 0 0 4000
0 0 0 4000
0 0 0 4000
0 0 0 4000
0 0 0 4000
0 0 0 4000
0 0 0 4000
0 0 0 4000
0 0 0 4000
0 0 0 4000
0 0 0 4000
0 0 0 4000
0 0 0 4000
0 0 0 4000
0 0 0 4000
0 0 0 4000
0 0 0 4000
0 0 0 4000
0 0 0 4000
0 0 0 4000
0 0 0 4000
0 0 0 4000
0 0 0 4000
0 0 0 4000
0 0 0 4000
0 0 0 4000
0 0 0 4000
0 0 0 4000
0 0 0 4000
0 0 0 4000
0 0 0 4000
0 0 0 4000
0 0 0 4000
0 0 0 4000
0 0 0 4000
0 0 0 4000
0 0 0 4000
0 0 0 4000
0 0 0 4000
0 0 0 4000
0 0 0 4000
0 0 0 4000
0 0 0 4000
0 0 0 4000
0 0 0 4000
0 0 0 4000
0 0 0 4000
0 0 0 4000
0 0 0 4000
0 0 0 4000
0 0 0 4000
0 0 0 4000
0 0 0 4000
0 0 0 4000
0 0 0 4000
0 0 0 4000
0 0 0 4000
0 0 0 4000
0 0 0 4000
0 0 0 4000
0 0 0 4000
0 0 0 4000
0 0 0 4000
0 0 0 4000
0 0 0 4000
0 0 0 4000
0 0 0 4000
0 0 0 4000
0 0 0 4000
0 0 0 4000
0 0 0 4000
0 0 0 4000
0 0 0 4000
0 0 0 4000
0 0 0 4000
0 0 0 4000
0 0 0 4000
0 0 0 4000
0 0 0 4000
0 0 0 4000
0 0 0 4000
0 0 0 4000
0 0 0 4000
0 0 0 4000
0 0 0 4000
0 0 0 4000
0 0 0 4000
0 0 0 4000
0 0 0 4000
0 0 0 4000
0 0 0 4000
0 0 0 4000
0 0 0 4000
0 0 0 4000
0 0 0 4000
0 2 0 4000
0 14 0 4000
0 23 0 4000
0 21 0 4000
0 15 0 4000
0 20 0 4000
0 24 0 4000
0 28 0 4000
0 22 0 4000
0 15 0 4000
0 14 0 4000
0 22 0 4000
0 26 0 4000
0 19 0 4000
0 17 0 4000
0 22 0 4000
0 17 0 4000
0 6 0 4000
0 1 0 4000
0 0 0 4000
0 0 0 4000
0 0 0 4000
0 0 0 4000
0 0 0 4000
0 3 0 4000
0 0 0 4000
0 0 0 4000
0 0 0 4000
0 0 0 4000
0 0 0 4000
0 0 0 4000
0 0 0 4000
0 0 0 4000
0 3 0 4000
0 19 0 4000
0 27 0 4000
0 30 0 4000
0 27 0 4000
0 18 0 4000
0 20 0 4000
0 25 0 4000
0 28 0 4000
0 29 0 4000
0 31 0 4000
0 31 0 4000
0 32 0 4000
0 32 0 4000
0 32 0 4000
0 32 0 4000
0 33 0 4000
0 33 0 4000
0 33 0 4000
0 23 0 4000
0 17 0 4000
0 13 0 4000
0 8 0 4000
0 4 0 4000
0 0 0 4000
0 1 0 4000
0 13 0 4000
0 23 0 4000
0 26 0 4000
0 24 0 4000
0 17 0 4000
0 19 0 4000
0 14 0 4000
0 10 0 4000
0 5 0 4000
0 1 0 4000
0 0 0 4000
0 0 0 4000
0 0 0 4000
0 0 0 4000
0 0 0 4000
0 0 0 4000
0 0 0 4000
0 0 0 4000
0 10 0 4000
0 22 0 4000
0 26 0 4000
0 20 0 4000
0 24 0 4000
0 20 0 4000
0 13 0 4000
0 8 0 4000
0 4 0 4000
0 0 0 4000
0 0 0 4000
0 0 0 4000
0 0 0 4000
0 0 0 4000
0 0 0 4000
0 0 0 4000
0 0 0 4000
0 0 0 4000
0 0 0 4000
0 0 0 4000
0 0 0 4000
0 0 0 4000
0 0 0 4000
0 0 0 4000
0 0 0 4000
0 0 0 4000
0 0 0 4000
0 0 0 4000
0 0 0 4000
0 0 0 4000
0 0 0 4000
0 0 0 4000
0 0 0 4000
0 0 0 4000
0 0 0 4000
0 0 0 4000
0 0 0 4000
0 0 0 4000
0 0 0 4000
0 0 0 4000
0 0 0 4000
0 0 0 4000
0 0 0 4000
0 0 0 4000
0 0 0 4000
0 0 0 4000
0 0 0 4000
0 0 0 4000
0 0 0 4000
0 0 0 4000
0 0 0 4000
0 0 0 4000
0 0 0 4000
0 0 0 4000
0 0 0 4000
0 0 0 4000
0 0 0 4000
0 0 0 4000
0 0 0 4000
0 0 0 4000
0 0 0 4000
0 0 0 4000
0 0 0 4000
0 0 0 4000
0 0 0 4000
0 0 0 4000
0 0 0 4000
0 0 0 4000
0 0 0 4000
0 0 0 4000
0 0 0 4000
0 0 0 4000
0 0 5 4175
0 0 4 4215
0 0 3 4240
0 0 5 4355
0 0 3 4360
0 0 2 4370
0 0 2 4400
0 0 1 4395
0 0 2 4445
0 0 3 4510
0 0 1 4485
0 0 2 4535
0 1 3 4600
0 2 2 4575
0 2 1 4555
0 1 4 4520
0 0 8 4645
0 1 11 4865
0 3 12 5055
0 6 14 5170
0 11 14 5270
0 17 13 5215
0 20 13 5015
0 21 14 4850
0 21 13 4745
0 19 13 4605
0 16 13 4555
0 15 13 4570
0 11 13 4560
0 9 13 4670
0 7 13 4770
0 7 13 4900
0 11 14 5045
0 14 14 5050
0 16 13 4955
0 17 14 4905
0 17 13 4805
0 17 13 4745
0 16 13 4685
0 14 13 4660
0 13 13 4685
0 10 13 4705
0 9 13 4810
0 9 13 4890
0 10 13 4950
0 12 13 4975
0 12 13 4950
0 15 13 4965
0 14 13 4875
0 16 13 4880
0 15 13 4795
0 15 13 4785
0 13 13 4755
0 13 13 4795
0 11 13 4795
0 12 13 4865
0 11 13 4860
0 12 13 4910
0 12 13 4905
0 13 13 4920
0 13 13 4900
0 14 13 4900
0 14 13 4865
0 14 13 4850
0 14 13 4835
0 13 13 4820
0 13 13 4840
0 13 13 4840
0 14 13 4840
0 13 13 4805
0 13 13 4825
0 14 13 4825
0 13 13 4790
0 13 13 4810
0 13 13 4810
0 13 13 4810
0 13 13 4810
0 13 13 4810
0 13 13 4810
0 12 13 4810
0 13 13 4845
0 12 13 4825
0 12 13 4860
0 13 13 4875
0 12 13 4855
0 13 13 4890
0 13 13 4870
0 14 13 4870
0 14 13 4835
0 13 13 4820
0 14 13 4840
0 13 13 4805
0 13 13 4825
0 13 13 4825
0 12 13 4825
0 13 13 4860
0 12 13 4840
0 13 13 4875
0 12 13 4855
0 13 13 4890
0 13 13 4870
0 14 13 4870
0 14 13 4835
0 14 13 4820
0 14 13 4805
0 14 13 4775
0 13 13 4760
0 12 13 4780
0 12 13 4815
0 12 13 4830
0 12 13 4845
0 12 13 4860
0 12 13 4875
0 13 13 4890
0 13 13 4870
0 14 13 4870
0 15 13 4835
0 14 13 4785
0 13 13 4790
0 13 13 4810
0 12 13 4810
0 12 13 4845
0 13 13 4860
0 12 13 4840
0 12 13 4875
0 12 13 4890
0 13 13 4905
0 13 13 4885
0 14 13 4885
0 14 13 4850
0 13 13 4835
0 13 13 4855
0 12 13 4855
0 13 13 4890
0 12 13 4870
0 14 13 4905
0 13 13 4850
0 14 13 4870
0 14 13 4835
0 13 13 4820
0 14 13 4840
0 13 13 4790
0 14 13 4810
0 13 13 4775
0 13 13 4795
0 12 13 4795
0 12 13 4830
0 13 13 4845
0 12 13 4825
0 13 13 4860
0 12 13 4840
0 13 13 4875
0 13 13 4855
0 12 13 4855
0 13 13 4890
0 12 13 4870
0 13 13 4905
0 13 13 4885
0 14 13 4885
0 13 13 4850
0 14 13 4870
0 14 13 4835
0 13 13 4820
0 14 13 4840
0 13 13 4805
0 12 13 4825
0 12 13 4860
0 12 13 4875
0 12 13 4890
0 12 13 4905
0 12 13 4920
0 13 13 4935
0 13 13 4915
0 14 13 4915
0 14 13 4880
0 14 13 4865
0 14 13 4850
0 14 13 4835
0 14 13 4840
0 13 13 4805
0 13 13 4825
0 13 13 4825
0 13 13 4825
0 13 13 4825
0 13 13 4825
0 13 13 4825
0 13 13 4825
0 13 13 4825
0 13 13 4825
0 12 13 4825
0 12 13 4860
0 13 13 4875
0 12 13 4855
0 13 13 4890
0 12 13 4870
0 14 13 4905
0 13 13 4850
0 14 13 4870
0 14 13 4835
0 12 13 4820
0 13 13 4875
0 12 13 4855
0 13 13 4890
0 13 13 4870
0 13 13 4870
0 13 13 4870
0 12 13 4870
0 13 13 4905
0 14 13 4885
0 14 13 4850
0 13 13 4835
0 13 13 4855
0 13 13 4855
0 13 13 4855
0 12 13 4890
0 12 13 4905
0 12 13 4920
0 14 13 4935
0 13 13 4880
0 14 13 4900
0 14 13 4865
0 14 13 4850
0 15 13 4835
0 14 13 4785
0 14 13 4790
0 13 13 4775
0 13 13 4795
0 13 13 4795
0 12 13 4795
0 12 12 4795
0 12 12 4795
0 12 12 4795
0 12 10 4795
0 12 3 4725
0 11 0 4450
0 9 0 4245
0 4 0 4150
0 1 0 4190
0 0 0 4235
0 0 0 4255
0 0 0 4255
0 0 0 4255
0 0 0 4255
0 0 1 4255
0 0 0 4290
0 0 0 4270
0 0 0 4270
0 0 1 4270
0 0 0 4305
0 0 0 4285
0 0 0 4285
0 0 0 4285
0 0 0 4285
0 0 0 4285
0 0 0 4285
0 0 0 4285
0 0 0 4285
0 0 0 4285
0 0 0 4285
0 0 0 4285
0 0 0 4285
0 0 0 4285
0 0 0 4285
0 0 0 4285
0 0 0 4285
0 0 0 4285
0 0 0 4285
0 0 0 4285
0 0 0 4285
0 0 0 4285
0 0 0 4285
0 0 0 4285
0 0 0 4285
0 0 0 4285
0 0 0 4285
0 0 0 4285
0 0 0 4285
0 0 0 4285
0 0 0 4285
0 0 0 4285
0 0 0 4285
0 0 0 4285
0 0 0 4285
0 0 0 4285
0 0 0 4285
0 0 0 4285
0 0 0 4285
0 0 0 4285
0 0 0 4285
0 0 0 4285
0 0 0 4285
0 0 0 4285
0 0 0 4285
0 0 0 4285
0 0 0 4285
0 0 0 4285
0 0 0 4285
0 0 0 4285
0 0 0 4285
0 0 0 4285
0 0 0 4285
0 0 0 4285
0 0 0 4285
0 0 0 4285
0 0 0 4285
0 0 0 4285
0 0 0 4285
0 0 0 4285
0 0 0 4285
0 0 0 4285
0 0 0 4285
0 0 0 4285
0 0 0 4285
0 0 0 4285
0 0 0 4285
0 0 0 4285
0 0 0 4285
0 0 0 4285
0 0 0 4285
0 0 0 4285
0 0 0 4285
0 0 0 4285
0 0 0 4285
0 0 0 4285
0 0 0 4285
0 0 0 4285
0 0 0 4285
0 0 1 4320
0 0 0 4300
0 0 0 4300
0 0 0 4300
0 0 0 4300
0 0 0 4300
0 0 0 4300
0 0 0 4300
0 0 0 4300
0 0 0 4300
0 0 0 4300
0 0 0 4300
0 0 0 4300
0 0 0 4300
0 0 0 4300
0 0 0 4300
0 0 0 4300
0 0 0 4300
0 0 0 4300
0 0 0 4300
0 0 0 4300
0 0 0 4300
0 0 0 4300
0 0 0 4300
0 0 0 4300
0 0 0 4300
0 0 0 4300
0 0 1 4335
0 0 1 4350
0 0 0 4330
0 0 0 4330
0 0 0 4330
0 0 0 4330
0 0 0 4330
0 0 0 4330
0 0 0 4330
0 0 0 4330
0 0 0 4330
0 0 0 4330
0 0 0 4330
0 0 0 4330
0 0 0 4330
0 0 0 4330
0 0 1 4365
0 0 0 4345
0 0 0 4345
0 0 0 4345
0 0 1 4380
0 0 0 4360
0 0 0 4360
0 0 0 4360
0 0 0 4360
0 0 0 4360
0 0 0 4360
0 0 1 4395
0 0 0 4375
0 0 0 4375
0 0 0 4375
0 0 0 4375
0 0 0 4375
0 0 0 4375
0 0 0 4375
0 0 0 4375
0 0 0 4375
1 0 0 4375
1 0 0 4375
0 0 0 4375
2 0 0 4375
1 0 0 4345
1 0 0 4310
0 0 0 4295
0 0 0 4315
0 0 0 4315
0 0 0 4315
0 0 0 4315
0 0 0 4315
0 0 0 4315
0 0 0 4315
0 0 0 4315
0 0 1 4350
0 0 0 4330
0 0 0 4330
0 0 0 4330
0 0 0 4330
0 0 0 4330
0 0 0 4330
0 0 0 4330
0 0 0 4330
0 0 0 4330
0 0 0 4330
0 0 0 4330
0 0 0 4330
0 0 1 4365
0 0 0 4345
0 0 0 4345
0 0 0 4345
0 0 0 4345
0 0 0 4345
0 0 0 4345
0 0 0 4345
0 0 0 4345
0 0 0 4345
0 0 0 4345
0 0 0 4345
0 0 0 4345
0 0 1 4380
0 0 0 4360
0 0 0 4360
0 0 0 4360
0 0 0 4360
0 0 0 4360
0 0 0 4360
0 0 0 4360
0 0 0 4360
0 0 0 4360
0 0 0 4360
0 0 0 4360
0 0 0 4360
0 0 0 4360
0 0 0 4360
0 0 0 4360
0 0 0 4360
0 0 0 4360
0 0 0 4360
0 0 0 4360
0 0 0 4360
0 0 0 4360
0 0 0 4360
0 0 0 4360
0 0 0 4360
0 0 0 4360
0 0 0 4360
0 0 0 4360
0 0 0 4360
0 0 0 4360
0 0 0 4360
0 0 0 4360
0 0 0 4360
0 0 0 4360
0 0 0 4360
0 0 0 4360
0 0 0 4360
0 0 0 4360
0 0 0 4360
0 0 0 4360
0 0 0 4360
0 0 0 4360
0 0 0 4360
0 0 0 4360
0 0 0 4360
0 0 0 4360
0 0 0 4360
0 0 0 4360
0 0 0 4360
0 0 0 4360
0 0 0 4360
0 0 0 4360
0 0 0 4360
0 0 0 4360
0 0 0 4360
0 0 0 4360
0 0 0 4360
0 0 0 4360
0 0 0 4360
0 0 0 4360
0 0 0 4360
0 0 0 4360
0 0 0 4360
0 0 0 4360
0 0 0 4360
0 0 0 4360
0 0 0 4360
0 0 0 4360
0 0 0 4360
0 0 0 4360
0 0 0 4360
0 0 0 4360
0 0 0 4360
0 0 0 4360
0 0 0 4360
0 0 0 4360
0 0 0 4360
0 0 0 4360
0 0 0 4360
0 0 0 4360
0 0 0 4360
0 0 0 4360
0 0 0 4360
0 0 0 4360
0 0 0 4360
0 0 0 4360
0 0 0 4360
0 0 0 4360
0 0 0 4360
0 0 0 4360
0 0 0 4360
0 0 0 4360
0 0 0 4360
0 0 0 4360
0 0 0 4360
0 0 0 4360
0 0 0 4360
0 0 0 4360
0 0 0 4360
0 0 0 4360
0 0 0 4360
0 0 0 4360
0 0 0 4360
0 0 0 4360
0 0 0 4360
0 0 0 4360
0 0 0 4360
0 0 0 4360
0 0 0 4360
0 0 0 4360
0 0 0 4360
0 0 0 4360
0 0 0 4360
0 0 0 4360
0 0 0 4360
0 0 0 4360
0 0 0 4360
0 0 0 4360
0 0 0 4360
0 0 0 4360
0 0 0 4360
0 0 0 4360
0 0 0 4360
0 0 0 4360
0 0 0 4360
0 0 0 4360
0 0 0 4360
0 0 0 4360
0 0 0 4360
0 0 0 4360
0 0 0 4360
0 0 0 4360
0 0 0 4360
0 0 0 4360
0 0 0 4360
0 0 0 4360
0 0 0 4360
0 0 0 4360
0 0 0 4360
0 0 0 4360
0 0 0 4360
0 0 0 4360
0 0 0 4360
0 0 0 4360
0 0 0 4360
0 0 0 4360
0 0 0 4360
0 0 0 4360
0 0 0 4360
0 0 0 4360
0 0 0 4360
0 0 0 4360
0 0 0 4360
0 0 0 4360
0 0 0 4360
0 0 0 4360
0 0 0 4360
0 0 0 4360
0 0 0 4360
0 0 0 4360
0 0 0 4360
0 0 0 4360
0 0 0 4360
0 0 0 4360
0 0 0 4360
0 0 0 4360
0 0 0 4360
0 0 0 4360
0 0 0 4360
0 0 0 4360
0 0 0 4360
0 0 0 4360
0 0 0 4360
0 0 0 4360
0 0 0 4360
0 0 0 4360
0 0 0 4360
0 0 0 4360
0 0 0 4360
0 0 0 4360
0 0 0 4360
0 0 0 4360
0 0 0 4360
0 0 0 4360
0 0 0 4360
0 0 0 4360
0 0 0 4360
0 0 0 4360
0 0 0 4360
0 0 0 4360
0 0 0 4360
0 0 0 4360
0 0 0 4360
0 0 0 4360
0 0 0 4360
0 0 0 4360
0 0 0 4360
0 0 0 4360
0 0 0 4360
0 0 0 4360
0 0 0 4360
0 0 0 4360
0 0 0 4360
0 0 0 4360
0 0 0 4360
0 0 0 4360
0 0 0 4360
0 0 0 4360
0 0 0 4360
0 0 0 4360
0 0 0 4360
0 0 0 4360
0 0 0 4360
0 0 0 4360
0 0 0 4360
0 0 0 4360
0 0 0 4360
0 0 0 4360
0 0 0 4360
0 0 0 4360
0 0 0 4360
0 0 0 4360
0 0 0 4360
0 0 0 4360
0 0 0 4360
0 0 0 4360
0 0 0 4360
0 0 0 4360
0 0 0 4360
0 0 0 4360
0 0 0 4360
0 0 0 4360
0 0 0 4360
0 0 0 4360
0 0 0 4360
0 0 0 4360
0 0 0 4360
0 0 0 4360
0 0 0 4360
0 0 0 4360
0 0 0 4360
0 0 0 4360
0 0 0 4360
0 0 0 4360
0 0 0 4360
0 0 0 4360
0 0 0 4360
0 0 0 4360
0 0 0 4360
0 0 0 4360
0 0 0 4360
0 0 0 4360
0 0 0 4360
0 0 0 4360
0 0 0 4360
0 0 0 4360
0 0 0 4360
0 0 0 4360
0 0 0 4360
0 0 0 4360
0 0 0 4360
0 0 0 4360
0 0 0 4360
0 0 0 4360
0 0 0 4360
0 0 0 4360
0 0 0 4360
0 0 0 4360
0 0 0 4360
0 0 0 4360
0 0 0 4360
0 0 0 4360
0 0 0 4360
0 0 0 4360
0 0 0 4360
0 0 0 4360
0 0 0 4360
0 0 0 4360
0 0 0 4360
0 0 0 4360
0 0 0 4360
0 0 0 4360
0 0 0 4360
0 0 0 4360
0 0 0 4360
0 0 0 4360
0 0 0 4360
0 0 0 4360
0 0 0 4360
0 0 0 4360
0 0 0 4360
0 0 0 4360
0 0 0 4360
0 0 0 4360
0 0 0 4360
0 0 0 4360
0 0 0 4360
0 0 0 4360
0 0 0 4360
0 0 0 4360
0 0 0 4360
0 0 0 4360
0 0 0 4360
0 0 0 4360
0 0 0 4360
0 0 0 4360
0 0 0 4360
0 0 0 4360
0 0 0 4360
0 0 0 4360
0 0 0 4360
0 0 0 4360
0 0 0 4360
0 0 0 4360
0 0 0 4360
0 0 0 4360
0 0 0 4360
0 0 0 4360
0 0 0 4360
0 0 0 4360
0 0 0 4360
0 0 0 4360
0 0 0 4360
0 0 0 4360
0 0 0 4360
0 0 0 4360
0 0 0 4360
0 0 0 4360
0 0 0 4360
0 0 0 4360
0 0 0 4360
0 0 0 4360
0 0 0 4360
0 0 0 4360
0 0 0 4360
0 0 0 4360
0 0 0 4360
0 0 0 4360
0 0 0 4360
0 0 0 4360
0 0 0 4360
0 0 0 4360
0 0 0 4360
0 0 0 4360
0 0 0 4360
0 0 0 4360
0 0 0 4360
0 0 0 4360
0 0 0 4360
0 0 0 4360
0 0 0 4360
0 0 0 4360
0 0 0 4360
0 0 0 4360
0 0 0 4360
0 0 0 4360
0 0 0 4360
0 0 0 4360
0 0 0 4360
0 0 0 4360
0 0 0 4360
0 0 0 4360
0 0 0 4360
0 0 0 4360
0 0 0 4360
0 0 0 4360
0 0 0 4360
0 0 0 4360
0 0 0 4360
0 0 0 4360
0 0 0 4360
0 0 0 4360
0 0 0 4360
0 0 0 4360
0 0 0 4360
0 0 0 4360
0 0 0 4360
0 0 0 4360
0 0 0 4360
0 0 0 4360
0 0 0 4360
0 0 0 4360
0 0 0 4360
0 0 0 4360
0 0 0 4360
0 0 0 4360
0 0 0 4360
0 0 0 4360
0 0 0 4360
0 0 0 4360
0 0 0 4360
0 0 0 4360
0 0 0 4360
0 0 0 4360
0 0 0 4360
0 0 0 4360
0 0 0 4360
0 0 0 4360
0 0 0 4360
0 0 0 4360
0 0 0 4360
0 0 0 4360
0 0 0 4360
0 0 0 4360
0 0 0 4360
0 0 0 4360
0 0 0 4360
0 0 0 4360
0 0 0 4360
0 0 0 4360
0 0 0 4360
0 0 0 4360
0 0 0 4360
0 0 0 4360
0 0 0 4360
0 0 0 4360
0 0 0 4360
0 0 0 4360
0 0 0 4360
0 0 0 4360
0 0 0 4360
0 0 0 4360
0 0 0 4360
0 0 0 4360
0 0 0 4360
0 0 0 4360
0 0 0 4360
0 0 0 4360
0 0 0 4360
0 0 0 4360
0 0 0 4360
0 0 0 4360
0 0 0 4360
0 0 0 4360
0 0 0 4360
0 0 0 4360
0 0 0 4360
0 0 0 4360
0 0 0 4360
0 0 0 4360
0 0 0 4360
0 0 0 4360
0 0 0 4360
0 0 0 4360
0 0 0 4360
0 0 0 4360
0 0 0 4360
0 0 0 4360
0 0 0 4360
0 0 0 4360
0 0 0 4360
0 0 0 4360
0 0 0 4360
0 0 0 4360
0 0 0 4360
0 0 0 4360
0 0 0 4360
0 0 0 4360
0 0 0 4360
0 0 0 4360
0 0 0 4360
0 0 0 4360
0 0 0 4360
0 0 0 4360
0 0 0 4360
0 0 0 4360
0 0 0 4360
0 0 0 4360
0 0 0 4360
0 0 0 4360
0 0 0 4360
0 0 0 4360
0 0 0 4360
0 0 0 4360
0 0 0 4360
0 0 0 4360
0 0 0 4360
0 0 0 4360
0 0 0 4360
0 0 0 4360
0 0 0 4360
0 0 0 4360
0 0 0 4360
0 0 0 4360
0 0 0 4360
0 0 0 4360
0 0 0 4360
0 0 0 4360
0 0 0 4360
0 0 0 4360
0 0 0 4360
0 0 0 4360
0 0 0 4360
0 0 0 4360
0 0 0 4360
0 0 0 4360
0 0 0 4360
0 0 0 4360
0 0 0 4360
0 0 0 4360
0 0 0 4360
0 0 0 4360
0 0 0 4360
0 0 0 4360
0 0 0 4360
0 0 0 4360
0 0 0 4360
0 0 0 4360
0 0 0 4360
0 0 0 4360
0 0 0 4360
0 0 0 4360
0 0 0 4360
0 0 0 4360
0 0 0 4360
0 0 0 4360
0 0 0 4360
0 0 0 4360
0 0 0 4360
0 0 0 4360
0 0 0 4360
0 0 0 4360
0 0 0 4360
0 0 0 4360
0 0 0 4360
0 0 0 4360
0 0 0 4360
0 0 0 4360
0 0 0 4360
0 0 0 4360
0 0 0 4360
0 0 0 4360
0 0 0 4360
0 0 0 4360
0 0 0 4360
0 0 0 4360
0 0 0 4360
0 0 0 4360
0 0 0 4360
0 0 0 4360
0 0 0 4360
0 0 0 4360
0 0 0 4360
0 0 0 4360
0 0 0 4360
0 0 0 4360
0 0 0 4360
0 0 0 4360
0 0 0 4360
0 0 0 4360
0 0 0 4360
0 0 0 4360
0 0 0 4360
0 0 0 4360
0 0 0 4360
0 0 0 4360
0 0 0 4360
0 0 0 4360
0 0 0 4360
0 0 0 4360
0 0 0 4360
0 0 0 4360
0 0 0 4360
0 0 0 4360
0 0 0 4360
0 0 0 4360
0 0 0 4360
0 0 0 4360
0 0 0 4360
0 0 0 4360
0 0 0 4360
0 0 0 4360
0 0 2 4430
0 0 2 4460
0 0 3 4525
0 0 4 4605
0 1 6 4735
0 1 7 4860
0 5 7 4965
0 6 6 4510
0 10 7 4305
0 7 7 4000
0 0 6 4000
0 0 6 4210
0 0 6 4300
0 0 6 4390
0 0 7 4515
0 0 6 4585
0 0 7 4710
0 1 6 4780
0 3 6 4870
0 5 6 4645
0 7 6 4390
0 5 6 4045
0 2 6 4030
0 0 6 4420
0 0 6 4510
0 0 6 4600
0 0 6 4690
0 1 6 4780
0 3 6 4870
0 6 6 4645
0 7 6 4285
0 8 6 4000
0 3 6 4000
0 0 6 4000
0 0 6 4210
0 0 6 4300
0 0 6 4390
0 0 6 4480
0 0 6 4570
0 0 6 4660
0 0 6 4750
0 1 6 4840
0 4 6 4930
0 6 6 4600
0 8 6 4300
0 5 6 4000
0 0 6 4345
0 0 6 4435
0 0 6 4525
0 0 6 4615
0 0 6 4705
0 2 6 4795
0 4 6 4885
0 7 6 4555
0 7 6 4150
0 6 6 4000
0 2 6 4000
0 0 5 4220
0 0 6 4330
0 0 6 4420
0 0 6 4510
0 0 6 4600
0 0 6 4690
0 0 6 4780
0 3 6 4870
0 5 6 4645
0 7 6 4390
0 6 6 4045
0 2 6 4000
0 0 6 4375
0 0 6 4465
0 0 5 4520
0 0 6 4630
0 0 5 4685
0 1 6 4795
0 3 6 4885
0 6 6 4660
0 8 6 4300
0 7 5 4000
0 3 6 4000
0 1 6 4000
0 0 5 4210
0 0 6 4265
0 0 5 4430
0 0 6 4540
0 0 6 4630
0 0 6 4720
0 2 5 4775
0 4 6 4885
0 5 6 4555
0 6 6 4360
0 4 5 4085
0 1 6 4135
0 0 6 4465
0 0 5 4520
0 0 6 4630
0 0 5 4685
0 1 6 4795
0 4 6 4885
0 5 5 4520
0 9 6 4345
0 6 6 4000
0 2 6 4000
0 0 6 4240
0 0 6 4330
0 0 6 4420
0 0 5 4475
0 0 6 4585
0 0 6 4675
0 1 6 4765
0 3 6 4855
0 5 5 4595
0 8 6 4360
0 6 6 4000
0 3 6 4000
0 1 5 4000
0 0 5 4205
0 0 5 4280
0 0 5 4355
0 0 6 4430
0 0 6 4630
0 0 6 4720
0 2 5 4775
0 4 5 4850
0 5 5 4505
0 6 5 4295
0 3 5 4040
0 0 5 4160
0 0 5 4415
0 0 5 4490
0 0 5 4565
0 0 5 4640
0 0 5 4715
0 2 5 4790
0 4 5 4865
0 7 5 4520
0 7 5 4100
0 5 5 4000
0 1 5 4000
0 0 5 4205
0 0 5 4280
0 0 5 4355
0 0 4 4395
0 0 4 4455
0 0 4 4515
0 0 4 4575
0 0 4 4635
0 1 4 4695
0 1 4 4755
0 2 4 4815
0 5 4 4875
0 7 4 4410
0 9 4 4035
0 5 4 4000
0 1 3 4000
0 0 2 4105
0 0 2 4145
0 0 1 4140
0 0 1 4155
0 0 0 4135
0 0 0 4135
0 0 0 4135
0 0 0 4135
0 0 0 4135
0 0 0 4135
0 0 0 4135
0 0 0 4135
0 0 0 4135
0 0 0 4135
0 0 0 4135
0 0 0 4135
0 0 0 4135
0 0 0 4135
0 0 0 4135
0 0 0 4135
0 0 0 4135
0 0 0 4135
0 0 0 4135
0 0 0 4135
0 0 0 4135
0 0 0 4135
0 0 0 4135
0 0 0 4135
0 0 0 4135
0 0 0 4135
0 0 0 4135
0 0 0 4135
0 0 0 4135
0 0 0 4135
0 0 0 4135
0 0 0 4135
0 0 0 4135
0 0 0 4135
0 0 0 4135
0 0 0 4135
0 0 0 4135
0 0 0 4135
0 0 0 4135
0 0 0 4135
0 0 0 4135
0 0 0 4135
0 0 0 4135
0 0 0 4135
0 0 0 4135
0 0 0 4135
0 0 0 4135
0 0 0 4135
0 0 0 4135
0 0 0 4135
0 0 0 4135
0 0 0 4135
0 0 0 4135
0 0 0 4135
0 0 0 4135
0 0 0 4135
0 0 0 4135
0 0 0 4135
0 0 0 4135
0 0 0 4135
0 0 0 4135
0 0 0 4135
0 0 0 4135
0 0 0 4135
0 0 0 4135
0 0 0 4135
0 0 0 4135
0 0 0 4135
0 0 0 4135
0 0 0 4135
0 0 0 4135
0 0 0 4135
0 0 0 4135
0 0 0 4135
0 0 0 4135
0 0 0 4135
0 0 0 4135
0 0 0 4135
0 0 0 4135
0 0 0 4135
0 0 0 4135
0 0 0 4135
0 0 0 4135
0 0 0 4135
0 0 0 4135
0 0 0 4135
0 0 0 4135
0 0 0 4135
0 0 0 4135
0 0 0 4135
0 0 0 4135
0 0 0 4135
0 0 0 4135
0 0 0 4135
0 0 1 4170
0 0 0 4150
0 0 0 4150
0 0 0 4150
0 0 0 4150
0 0 0 4150
0 0 0 4150
0 0 0 4150
0 0 0 4150
0 0 0 4150
0 0 0 4150
0 0 0 4150
0 0 0 4150
0 0 0 4150
0 0 0 4150
0 0 0 4150
0 0 0 4150
0 0 0 4150
0 0 0 4150
0 0 0 4150
0 0 0 4150
0 0 0 4150
0 0 0 4150
0 0 0 4150
0 0 0 4150
0 0 0 4150
0 0 0 4150
0 0 0 4150
0 0 0 4150
0 0 0 4150
0 0 0 4150
0 0 0 4150
0 0 0 4150
0 0 0 4150
0 0 0 4150
0 0 0 4150
0 0 0 4150
0 0 0 4150
0 0 0 4150
0 0 0 4150
0 0 0 4150
0 0 0 4150
0 0 0 4150
0 0 0 4150
0 0 0 4150
0 0 0 4150
0 0 0 4150
0 0 0 4150
0 0 0 4150
0 0 0 4150
0 0 0 4150
0 0 0 4150
0 0 0 4150
0 0 0 4150
0 0 0 4150
0 0 0 4150
0 0 0 4150
0 0 0 4150
0 0 0 4150
0 0 0 4150
0 0 0 4150
0 0 0 4150
0 0 0 4150
0 0 0 4150
0 0 0 4150
0 0 0 4150
0 0 0 4150
0 0 0 4150
0 0 0 4150
0 0 0 4150
0 0 0 4150
0 0 0 4150
0 0 0 4150
0 0 0 4150
0 0 0 4150
0 0 0 4150
0 0 0 4150
0 0 0 4150
0 0 0 4150
0 0 0 4150
0 0 0 4150
0 0 0 4150
0 0 0 4150
0 0 0 4150
0 0 0 4150
0 0 0 4150
0 0 0 4150
0 0 0 4150
0 0 0 4150
0 0 0 4150
0 0 0 4150
0 0 0 4150
0 0 0 4150
0 0 0 4150
0 0 0 4150
0 0 0 4150
0 0 0 4150
0 0 0 4150
0 0 0 4150
0 0 0 4150
0 0 0 4150
0 0 0 4150
0 0 0 4150
0 0 0 4150
0 0 0 4150
0 0 0 4150
0 0 0 4150
0 0 0 4150
0 0 0 4150
0 0 0 4150
0 0 0 4150
0 0 0 4150
0 0 0 4150
0 0 0 4150
0 0 0 4150
0 0 0 4150
0 0 0 4150
0 0 0 4150
0 0 0 4150
0 0 0 4150
0 0 0 4150
0 0 0 4150
0 0 0 4150
0 0 0 4150
0 0 0 4150
0 0 0 4150
0 0 0 4150
0 0 0 4150
0 0 0 4150
0 0 0 4150
0 0 0 4150
0 0 0 4150
0 0 0 4150
0 0 0 4150
0 0 0 4150
0 0 0 4150
0 0 0 4150
0 0 0 4150
0 0 0 4150
0 0 0 4150
0 0 0 4150
0 0 0 4150
0 0 0 4150
0 0 0 4150
0 0 0 4150
0 0 0 4150
0 0 0 4150
0 0 0 4150
0 0 0 4150
0 0 0 4150
0 0 0 4150
0 0 0 4150
0 0 0 4150
0 0 0 4150
0 0 0 4150
0 0 0 4150
0 0 0 4150
0 0 0 4150
0 0 0 4150
0 0 0 4150
0 0 0 4150
0 0 0 4150
0 0 0 4150
0 0 0 4150
0 0 0 4150
0 0 0 4150
0 0 0 4150
0 0 0 4150
0 0 0 4150
0 0 0 4150
0 0 0 4150
0 0 0 4150
0 0 0 4150
0 0 0 4150
0 0 0 4150
0 0 0 4150
0 0 0 4150
0 0 0 4150
0 0 0 4150
0 0 0 4150
0 0 0 4150
0 0 0 4150
0 0 0 4150
0 0 0 4150
0 0 0 4150
0 0 0 4150
0 0 0 4150
0 0 0 4150
0 0 0 4150
0 0 0 4150
0 0 0 4150
0 0 0 4150
0 0 0 4150
0 0 0 4150
0 0 0 4150
0 0 0 4150
0 0 0 4150
0 0 0 4150
0 0 0 4150
0 0 0 4150
0 0 0 4150
0 0 0 4150
0 0 0 4150
0 0 0 4150
0 0 0 4150
0 0 0 4150
0 0 0 4150
0 0 0 4150
0 0 0 4150
0 0 0 4150
0 0 0 4150
0 0 0 4150
0 0 0 4150
0 0 0 4150
0 0 0 4150
0 0 0 4150
0 0 0 4150
0 0 0 4150
0 0 0 4150
0 0 0 4150
0 0 0 4150
0 0 0 4150
0 0 0 4150
0 0 0 4150
0 0 0 4150
0 0 0 4150
0 0 0 4150
0 0 0 4150
0 0 0 4150
0 0 0 4150
0 0 0 4150
0 0 0 4150
0 0 0 4150
0 0 0 4150
0 0 0 4150
0 0 0 4150
0 0 0 4150
0 0 0 4150
1 0 0 4150
0 0 0 4115
0 0 0 4135
0 0 0 4135
0 0 0 4135
0 0 0 4135
0 0 0 4135
0 0 0 4135
0 0 0 4135
0 0 0 4135
0 0 0 4135
0 0 0 4135
0 0 0 4135
0 0 0 4135
0 0 0 4135
0 0 0 4135
0 0 0 4135
0 0 0 4135
0 0 0 4135
0 0 0 4135
0 0 0 4135
0 0 0 4135
0 0 0 4135
0 0 0 4135
0 0 0 4135
0 0 0 4135
0 0 0 4135
0 0 0 4135
0 0 0 4135
0 0 0 4135
0 0 0 4135
0 0 0 4135
0 0 0 4135
0 0 0 4135
0 0 0 4135
0 0 0 4135
0 0 0 4135
0 0 0 4135
0 0 0 4135
0 0 0 4135
0 0 0 4135
0 0 0 4135
0 0 0 4135
0 0 0 4135
0 0 0 4135
0 0 0 4135
0 0 0 4135
0 0 0 4135
0 0 0 4135
0 0 0 4135
0 0 0 4135
0 0 0 4135
0 0 0 4135
0 0 0 4135
0 0 0 4135
0 0 0 4135
0 0 0 4135
0 0 0 4135
0 0 0 4135
0 0 0 4135
0 0 0 4135
0 0 0 4135
0 0 0 4135
0 0 0 4135
0 0 0 4135
0 0 0 4135
0 0 0 4135
0 0 0 4135
0 0 0 4135
0 0 0 4135
0 0 0 4135
0 0 0 4135
0 0 0 4135
0 0 0 4135
0 0 0 4135
0 0 0 4135
0 0 0 4135
0 0 0 4135
0 0 0 4135
0 0 0 4135
0 0 0 4135
0 0 0 4135
0 0 0 4135
0 0 0 4135
0 0 0 4135
0 0 0 4135
0 0 0 4135
0 0 0 4135
0 0 0 4135
0 0 0 4135
0 0 0 4135
0 0 0 4135
0 0 0 4135
0 0 0 4135
0 0 0 4135
0 0 0 4135
0 0 0 4135
0 0 0 4135
0 0 0 4135
0 0 0 4135
0 0 0 4135
0 0 0 4135
0 0 0 4135
0 0 0 4135
0 0 0 4135
0 0 0 4135
0 0 0 4135
0 0 0 4135
0 0 0 4135
0 0 0 4135
0 0 0 4135
0 0 0 4135
0 0 0 4135
0 0 0 4135
0 0 0 4135
0 0 0 4135
0 0 0 4135
0 0 0 4135
0 0 0 4135
0 0 0 4135
0 0 0 4135
0 0 0 4135
0 0 0 4135
0 0 0 4135
0 0 0 4135
0 0 0 4135
0 0 0 4135
0 0 0 4135
0 0 0 4135
0 0 0 4135
0 0 0 4135
0 0 0 4135
0 0 0 4135
0 0 0 4135
0 0 0 4135
0 0 0 4135
0 0 0 4135
0 0 0 4135
0 0 0 4135
0 0 0 4135
0 0 0 4135
0 0 0 4135
0 0 0 4135
0 0 0 4135
0 0 0 4135
0 0 0 4135
0 0 0 4135
0 0 0 4135
0 0 0 4135
0 0 0 4135
0 0 0 4135
0 0 0 4135
0 0 0 4135
0 0 0 4135
0 0 0 4135
0 0 0 4135
0 0 0 4135
0 0 0 4135
0 0 0 4135
0 0 0 4135
0 0 0 4135
0 0 0 4135
0 0 0 4135
0 0 0 4135
0 0 0 4135
0 0 0 4135
0 0 0 4135
0 0 0 4135
0 0 0 4135
0 0 0 4135
0 0 0 4135
0 0 0 4135
0 0 0 4135
0 0 0 4135
0 0 0 4135
0 0 0 4135
0 0 0 4135
0 0 0 4135
0 0 0 4135
0 0 0 4135
0 0 0 4135
0 0 0 4135
0 0 0 4135
0 0 0 4135
0 0 0 4135
0 0 0 4135
0 0 0 4135
0 0 0 4135
0 0 0 4135
0 0 0 4135
0 0 0 4135
0 0 0 4135
0 0 0 4135
0 0 0 4135
0 0 0 4135
0 0 0 4135
0 0 0 4135
0 0 0 4135
0 0 0 4135
0 0 4 4275
0 0 17 4790
0 2 19 5115
0 0 20 5365
0 1 20 5705
1 1 20 5970
2 10 20 6255
4 14 20 6225
6 16 20 6235
7 15 20 6255
9 16 20 6350
10 16 20 6390
11 17 20 6450
13 18 20 6475
14 17 20 6485
16 19 20 6550
16 19 10 6175
18 20 0 5690
16 17 1 5405
9 13 1 5225
5 7 2 5160
5 4 3 5240
3 2 2 5250
0 0 1 5255
0 0 2 5345
0 0 2 5375
1 3 2 5405
1 5 1 5295
0 6 1 5195
0 3 0 5065
0 2 1 5115
0 1 1 5120
0 0 0 5105
0 0 0 5125
0 0 1 5160
0 0 1 5175
0 2 1 5190
2 2 1 5135
4 4 0 5085
3 5 0 4985
2 6 0 4890
2 2 2 4780
1 3 2 4900
0 6 1 4865
0 9 1 4710
0 9 1 4530
0 6 1 4410
0 1 1 4395
0 0 1 4495
0 0 1 4530
0 0 1 4545
0 0 0 4525
0 0 1 4560
0 0 1 4575
0 0 0 4555
0 0 1 4590
0 0 1 4605
0 0 1 4620
0 2 1 4635
0 2 0 4545
0 1 0 4515
0 0 0 4520
0 0 0 4540
0 0 0 4540
0 0 0 4540
0 0 0 4540
0 0 0 4540
0 0 0 4540
0 0 0 4540
0 0 0 4540
0 0 0 4540
0 0 0 4540
0 0 0 4540
0 0 0 4540
0 0 0 4540
0 0 0 4540
0 0 0 4540
0 0 0 4540
0 0 0 4540
0 0 0 4540
0 0 0 4540
0 0 0 4540
0 0 0 4540
0 0 0 4540
0 0 0 4540
0 0 0 4540
0 0 0 4540
0 0 0 4540
0 0 0 4540
0 0 0 4540
0 0 0 4540
0 0 0 4540
1 0 0 4540
0 0 0 4505
0 0 0 4525
0 1 0 4525
0 0 0 4525
0 0 0 4525
0 0 0 4525
0 0 0 4525
0 0 0 4525
0 0 0 4525
0 0 0 4525
0 0 0 4525
0 0 0 4525
0 0 0 4525
0 0 0 4525
0 0 0 4525
0 0 0 4525
0 0 0 4525
0 0 0 4525
0 0 0 4525
0 0 0 4525
0 0 0 4525
0 0 0 4525
0 0 0 4525
0 0 0 4525
0 0 0 4525
0 0 0 4525
0 0 0 4525
0 0 0 4525
0 0 0 4525
0 0 0 4525
0 0 0 4525
0 0 0 4525
0 0 0 4525
0 0 0 4525
0 0 0 4525
0 0 0 4525
0 0 0 4525
0 0 2 4595
0 0 2 4625
0 0 4 4725
0 0 5 4820
0 0 5 4895
0 0 5 4970
0 1 4 5010
0 0 4 5070
2 2 4 5130
3 3 4 5120
2 4 4 5115
5 4 4 5165
5 5 4 5090
5 6 4 5075
6 7 4 5060
7 6 4 5010
6 7 4 4945
6 6 4 4935
6 7 4 4905
6 6 4 4875
6 6 4 4845
6 6 4 4815
6 5 4 4785
4 5 4 4755
4 4 3 4795
4 4 4 4760
4 3 4 4780
2 3 4 4780
4 3 3 4850
2 3 4 4775
2 2 4 4865
2 2 3 4895
2 2 3 4890
2 3 4 4905
3 2 3 4955
3 3 3 4915
2 3 3 4915
3 3 3 4950
3 3 3 4930
3 3 3 4930
3 3 3 4930
4 4 3 4930
3 4 3 4895
4 3 3 4915
3 4 3 4880
4 3 3 4900
3 4 2 4830
3 3 0 4765
2 2 0 4720
0 1 0 4710
0 3 0 4750
0 5 0 4435
0 3 0 4090
0 0 0 4075
0 0 0 4255
0 0 0 4255
0 0 0 4255
0 0 0 4255
0 0 0 4255
0 0 0 4255
0 0 0 4255
0 0 0 4255
0 0 0 4255
0 0 0 4255
0 0 0 4255
0 0 0 4255
0 0 0 4255
0 0 0 4255
0 0 1 4255
0 0 1 4290
0 0 0 4305
0 0 0 4285
0 0 0 4285
0 0 0 4285
0 0 1 4285
0 0 0 4320
0 0 0 4300
0 0 0 4300
0 0 0 4300
0 0 0 4300
0 0 0 4300
0 0 0 4300
0 0 0 4300
0 0 0 4300
0 0 0 4300
0 0 0 4300
0 0 0 4300
0 0 0 4300
0 0 0 4300
0 0 0 4300
0 0 0 4300
0 0 0 4300
0 0 0 4300
0 0 0 4300
0 0 0 4300
0 0 0 4300
0 0 0 4300
0 0 0 4300
0 0 0 4300
0 0 0 4300
0 0 0 4300
0 0 0 4300
0 0 0 4300
0 0 0 4300
0 0 0 4300
0 0 0 4300
0 0 0 4300
0 0 1 4335
0 0 0 4315
0 0 1 4350
0 0 0 4330
0 0 0 4330
0 0 0 4330
0 0 0 4330
0 0 0 4330
0 0 0 4330
0 0 0 4330
0 0 0 4330
0 0 0 4330
0 0 0 4330
0 0 0 4330
0 0 0 4330
0 0 0 4330
0 0 0 4330
0 0 0 4330
0 0 0 4330
0 0 0 4330
0 0 0 4330
0 0 0 4330
0 0 0 4330
0 0 0 4330
0 0 0 4330
0 0 0 4330
0 0 0 4330
0 0 0 4330
0 0 0 4330
0 0 0 4330
0 0 0 4330
0 0 0 4330
0 0 1 4365
0 0 0 4380
0 0 0 4360
0 0 0 4360
0 0 0 4360
0 0 0 4360
0 0 0 4360
0 0 0 4360
0 0 0 4360
0 0 0 4360
0 0 0 4360
0 0 0 4360
2 0 0 4360
0 0 0 4290
2 0 0 4330
1 0 0 4260
1 0 0 4265
2 0 0 4250
1 0 0 4200
1 0 0 4205
0 0 0 4190
0 0 0 4210
0 0 0 4210
0 0 0 4210
0 0 0 4210
0 0 0 4210
0 0 0 4210
0 0 0 4210
0 0 0 4210
0 0 7 4210
0 0 15 4455
0 0 13 4840
0 0 15 4995
0 1 16 5260
0 1 15 5520
2 3 15 5725
4 9 15 5880
5 12 15 5480
8 10 15 4940
9 8 14 5410
8 9 14 5465
9 9 14 5575
9 11 14 5630
11 13 13 5670
12 13 13 5660
12 14 13 5655
14 15 13 5670
14 15 13 5615
14 16 12 5565
14 15 2 5185
13 14 0 4935
10 12 2 4830
5 11 3 4805
4 11 2 4210
4 8 2 4000
2 1 2 4000
2 0 2 4075
2 0 2 4075
1 0 2 4075
1 0 1 4110
1 0 1 4090
0 0 1 4090
0 0 1 4125
0 0 1 4140
0 0 1 4155
0 0 1 4170
0 0 1 4185
0 0 1 4200
0 0 1 4215
0 0 1 4230
0 0 1 4245
0 0 1 4260
1 0 1 4275
0 0 1 4255
0 0 1 4290
0 0 1 4305
0 0 1 4320
0 0 1 4335
0 0 1 4350
0 0 1 4365
0 0 1 4380
0 0 1 4395
0 0 1 4410
0 0 1 4425
0 0 1 4440
0 0 1 4455
0 0 1 4470
0 0 1 4485
0 0 0 4465
0 0 0 4465
0 0 2 4535
0 0 1 4530
0 0 1 4545
0 0 1 4560
0 1 0 4540
0 0 0 4505
0 0 0 4525
0 0 0 4525
0 0 0 4525
0 0 0 4525
0 0 0 4525
0 0 0 4525
0 0 0 4525
0 0 0 4525
0 0 0 4525
0 0 0 4525
0 0 0 4525
0 0 0 4525
0 0 0 4525
0 0 0 4525
0 0 0 4525
0 0 0 4525
0 0 0 4525
0 0 0 4525
0 0 0 4525
0 0 0 4525
0 0 0 4525
0 0 0 4525
0 0 0 4525
0 0 0 4525
0 0 0 4525
0 0 0 4525
0 0 0 4525
0 0 0 4525
0 0 0 4525
0 0 0 4525
0 0 0 4525
0 0 0 4525
0 0 0 4525
0 0 0 4525
0 0 0 4525
0 0 0 4525
0 0 0 4525
0 0 0 4525
0 0 0 4525
0 0 0 4525
0 0 0 4525
0 0 0 4525
0 0 0 4525
0 0 0 4525
0 0 0 4525
0 0 0 4525
0 0 0 4525
0 0 0 4525
0 0 0 4525
0 0 0 4525
0 0 0 4525
0 0 0 4525
0 0 0 4525
0 0 0 4525
0 0 0 4525
0 0 0 4525
0 0 0 4525
0 0 0 4525
0 0 0 4525
0 0 0 4525
0 0 0 4525
0 0 0 4525
0 0 0 4525
0 0 0 4525
0 0 0 4525
0 0 0 4525
0 0 0 4525
0 0 0 4525
0 0 0 4525
0 0 0 4525
0 0 0 4525
0 0 0 4525
0 0 0 4525
0 0 0 4525
0 0 0 4525
0 0 0 4525
0 0 0 4525
0 0 0 4525
0 0 0 4525
0 0 0 4525
0 0 0 4525
0 0 0 4525
0 0 0 4525
0 0 0 4525
0 0 0 4525
0 0 0 4525
0 0 0 4525
0 0 0 4525
0 0 0 4525
0 0 0 4525
0 0 0 4525
0 0 0 4525
0 0 0 4525
0 0 0 4525
0 0 0 4525
0 0 0 4525
0 0 0 4525
0 0 0 4525
0 0 0 4525
0 0 0 4525
0 0 0 4525
0 0 0 4525
0 0 0 4525
0 0 0 4525
0 0 0 4525
0 0 0 4525
0 0 0 4525
0 0 0 4525
0 0 0 4525
0 0 0 4525
0 0 0 4525
0 0 0 4525
0 0 0 4525
0 0 0 4525
0 0 0 4525
0 0 0 4525
0 0 0 4525
0 0 0 4525
0 0 0 4525
0 0 0 4525
0 0 0 4525
0 0 0 4525
0 0 0 4525
0 0 0 4525
0 0 0 4525
0 0 0 4525
0 0 0 4525
0 0 0 4525
0 0 0 4525
0 0 0 4525
0 0 0 4525
0 0 0 4525
0 0 0 4525
0 0 0 4525
0 0 0 4525
0 0 0 4525
0 0 0 4525
0 0 0 4525
0 0 0 4525
0 0 0 4525
0 0 0 4525
0 0 0 4525
0 0 0 4525
0 0 0 4525
0 0 0 4525
0 0 0 4525
0 0 0 4525
0 0 0 4525
0 0 0 4525
0 0 0 4525
0 0 0 4525
0 0 0 4525
0 0 0 4525
0 0 0 4525
0 0 0 4525
0 0 0 4525
0 0 0 4525
0 0 0 4525
0 0 0 4525
0 0 0 4525
0 0 0 4525
0 0 0 4525
0 0 0 4525
0 0 0 4525
0 0 0 4525
0 0 0 4525
0 0 0 4525
0 0 0 4525
0 0 0 4525
0 0 0 4525
0 0 0 4525
0 0 0 4525
0 0 0 4525
0 0 0 4525
0 0 0 4525
0 0 0 4525
0 0 0 4525
0 0 0 4525
0 0 0 4525
0 0 0 4525
0 0 0 4525
0 0 0 4525
0 0 0 4525
0 0 0 4525
0 0 0 4525
0 0 0 4525
0 0 0 4525
0 0 0 4525
0 0 0 4525
0 0 0 4525
0 0 0 4525
0 0 0 4525
0 0 0 4525
0 0 0 4525
0 0 0 4525
0 0 0 4525
0 0 0 4525
0 0 0 4525
0 0 0 4525
0 0 0 4525
0 0 0 4525
0 0 0 4525
0 0 0 4525
0 0 0 4525
0 0 0 4525
0 0 0 4525
0 0 0 4525
0 0 0 4525
0 0 0 4525
0 0 0 4525
0 0 0 4525
0 0 0 4525
0 0 0 4525
0 0 0 4525
0 0 0 4525
0 0 0 4525
0 0 0 4525
0 0 0 4525
0 0 0 4525
0 0 0 4525
0 0 0 4525
0 0 0 4525
0 0 0 4525
0 0 0 4525
0 0 0 4525
0 0 0 4525
0 0 0 4525
0 0 0 4525
0 0 0 4525
0 0 0 4525
0 0 0 4525
0 0 0 4525
0 0 0 4525
0 0 0 4525
0 0 0 4525
0 0 0 4525
0 0 0 4525
0 0 0 4525
0 0 0 4525
0 0 0 4525
0 0 0 4525
0 0 0 4525
0 0 0 4525
0 0 0 4525
0 0 0 4525
0 0 0 4525
0 0 0 4525
0 0 0 4525
0 0 0 4525
0 0 0 4525
0 0 0 4525
0 0 0 4525
0 0 0 4525
0 0 0 4525
0 0 0 4525
0 0 0 4525
0 0 0 4525
0 0 0 4525
0 0 0 4525
0 0 0 4525
0 0 0 4525
0 0 0 4525
0 0 0 4525
0 0 0 4525
0 0 0 4525
0 0 0 4525
0 0 0 4525
0 0 0 4525
0 0 0 4525
0 0 0 4525
0 0 0 4525
0 0 0 4525
0 0 0 4525
0 0 0 4525
0 0 0 4525
0 0 0 4525
0 0 0 4525
0 0 0 4525
0 0 0 4525
0 0 0 4525
0 0 0 4525
0 0 0 4525
0 0 0 4525
0 0 0 4525
0 0 0 4525
0 0 0 4525
0 0 0 4525
0 0 0 4525
0 0 0 4525
0 0 0 4525
0 0 0 4525
0 0 0 4525
0 0 0 4525
0 0 0 4525
0 0 0 4525
0 0 0 4525
0 0 0 4525
0 0 0 4525
0 0 0 4525
0 0 0 4525
0 0 0 4525
0 0 0 4525
0 0 0 4525
0 0 0 4525
0 0 0 4525
0 0 0 4525
0 0 0 4525
0 0 0 4525
0 0 0 4525
0 0 0 4525
0 0 0 4525
0 0 0 4525
0 0 0 4525
0 0 0 4525
0 0 0 4525
0 0 0 4525
0 0 0 4525
0 0 0 4525
0 0 0 4525
0 0 0 4525
0 0 0 4525
0 0 0 4525
0 0 0 4525
0 0 0 4525
0 0 0 4525
0 0 0 4525
0 0 0 4525
0 0 0 4525
0 0 0 4525
0 0 0 4525
0 0 0 4525
0 0 0 4525
0 0 0 4525
0 0 0 4525
0 0 0 4525
0 0 0 4525
0 0 0 4525
0 0 0 4525
0 0 0 4525
0 0 0 4525
0 0 0 4525
0 0 0 4525
0 0 0 4525
0 0 0 4525
0 0 0 4525
0 0 0 4525
0 0 0 4525
0 0 0 4525
0 0 0 4525
0 0 0 4525
0 0 0 4525
0 0 0 4525
0 0 0 4525
0 0 0 4525
0 0 0 4525
0 0 0 4525
0 0 0 4525
0 0 0 4525
0 0 0 4525
0 0 0 4525
0 0 0 4525
0 0 0 4525
0 0 0 4525
0 0 0 4525
0 0 0 4525
0 0 0 4525
0 0 0 4525
0 0 0 4525
0 0 0 4525
0 0 0 4525
0 0 0 4525
0 0 0 4525
0 0 0 4525
0 0 0 4525
0 0 0 4525
0 0 0 4525
0 0 0 4525
0 0 0 4525
0 0 0 4525
0 0 0 4525
0 0 0 4525
0 0 0 4525
0 0 0 4525
0 0 0 4525
0 0 0 4525
0 0 0 4525
0 0 0 4525
0 0 0 4525
0 0 0 4525
0 0 0 4525
0 0 0 4525
0 0 0 4525
0 0 0 4525
0 0 0 4525
0 0 0 4525
0 0 0 4525
0 0 0 4525
0 0 0 4525
0 0 0 4525
0 0 0 4525
0 0 0 4525
0 0 0 4525
0 0 0 4525
0 0 0 4525
0 0 0 4525
0 0 0 4525
0 0 0 4525
0 0 0 4525
0 0 0 4525
0 0 0 4525
0 0 0 4525
0 0 0 4525
0 0 0 4525
0 0 0 4525
0 0 0 4525
0 0 0 4525
0 0 0 4525
0 0 0 4525
0 0 0 4525
0 0 0 4525
0 0 0 4525
0 0 0 4525
0 0 0 4525
0 0 0 4525
0 0 0 4525
0 0 0 4525
0 0 0 4525
0 0 0 4525
0 0 0 4525
0 0 0 4525
0 0 0 4525
0 0 0 4525
0 0 0 4525
0 0 0 4525
0 0 0 4525
0 0 0 4525
0 0 0 4525
0 0 0 4525
0 0 0 4525
0 0 0 4525
0 0 0 4525
0 0 0 4525
0 0 0 4525
0 0 0 4525
0 0 0 4525
0 0 0 4525
0 0 0 4525
0 0 0 4525
0 0 0 4525
0 0 0 4525
0 0 0 4525
0 0 0 4525
0 0 0 4525
