--------reopened--------
0 0 0 4000
0 0 0 4000
0 0 0 4000
0 0 0 4000
0 0 0 4000
0 0 0 4000
0 0 0 4000
0 0 0 4000
0 0 0 4000
0 0 0 4000
0 0 0 4000
0 0 0 4000
0 0 0 4000
0 0 0 4000
0 0 0 4000
0 0 0 4000
0 0 0 4000
0 0 0 4000
0 0 0 4000
0 0 0 4000
0 0 0 4000
0 0 0 4000
0 0 0 4000
0 0 0 4000
0 0 0 4000
0 0 0 4000
0 0 0 4000
0 0 0 4000
0 0 0 4000
0 0 0 4000
0 0 0 4000
0 0 0 4000
0 0 0 4000
0 0 0 4000
0 0 0 4000
0 0 0 4000
0 0 0 4000
0 0 0 4000
0 0 0 4000
0 0 0 4000
0 0 0 4000
0 0 0 4000
0 0 0 4000
0 0 0 4000
0 0 0 4000
0 0 0 4000
0 0 0 4000
0 0 0 4000
0 0 0 4000
0 0 0 4000
0 0 0 4000
0 0 0 4000
0 0 0 4000
0 0 0 4000
0 0 0 4000
0 0 0 4000
0 0 0 4000
0 0 0 4000
0 0 0 4000
0 0 0 4000
0 0 0 4000
0 0 0 4000
0 0 0 4000
0 0 0 4000
0 0 0 4000
0 0 0 4000
0 0 0 4000
0 0 0 4000
0 0 0 4000
0 0 0 4000
0 0 0 4000
0 0 0 4000
0 0 0 4000
0 0 0 4000
0 0 0 4000
0 0 0 4000
0 0 0 4000
0 0 0 4000
0 0 0 4000
0 0 0 4000
0 0 0 4000
0 0 0 4000
0 0 0 4000
0 0 0 4000
0 0 0 4000
0 0 0 4000
0 0 0 4000
0 0 0 4000
0 0 0 4000
0 0 0 4000
0 0 0 4000
0 0 0 4000
0 0 0 4000
0 0 0 4000
0 0 0 4000
0 0 0 4000
0 0 0 4000
0 0 0 4000
0 0 0 4000
0 0 0 4000
0 0 0 4000
0 0 0 4000
0 0 0 4000
0 0 0 4000
0 0 0 4000
0 0 0 4000
0 0 0 4000
0 0 0 4000
0 0 0 4000
0 0 0 4000
0 0 0 4000
0 0 0 4000
0 0 0 4000
0 0 0 4000
0 0 0 4000
0 0 0 4000
0 0 0 4000
0 0 0 4000
0 0 0 4000
0 0 0 4000
0 0 0 4000
0 0 0 4000
0 0 0 4000
0 0 0 4000
0 0 0 4000
0 0 0 4000
0 0 0 4000
0 0 0 4000
0 0 0 4000
0 0 0 4000
0 0 0 4000
0 0 0 4000
0 0 0 4000
0 0 0 4000
0 0 0 4000
0 0 0 4000
0 0 0 4000
0 0 0 4000
0 0 0 4000
0 0 0 4000
0 0 0 4000
0 0 0 4000
0 0 0 4000
0 0 0 4000
0 0 0 4000
0 0 0 4000
0 0 0 4000
0 0 0 4000
0 0 0 4000
0 0 0 4000
0 0 0 4000
0 0 0 4000
0 0 0 4000
0 0 0 4000
0 0 0 4000
0 0 0 4000
0 0 0 4000
0 0 0 4000
0 0 0 4000
0 0 0 4000
0 0 0 4000
0 0 0 4000
0 0 0 4000
0 0 0 4000
0 0 0 4000
0 0 0 4000
0 0 0 4000
0 0 0 4000
0 0 0 4000
0 0 0 4000
0 0 0 4000
0 0 0 4000
0 0 0 4000
0 0 0 4000
0 0 0 4000
0 0 0 4000
0 0 0 4000
0 0 0 4000
0 0 0 4000
0 0 0 4000
0 0 0 4000
0 0 0 4000
0 0 0 4000
0 0 0 4000
0 0 0 4000
0 0 0 4000
0 0 0 4000
0 0 0 4000
0 0 0 4000
0 0 0 4000
0 0 0 4000
0 0 0 4000
0 0 0 4000
0 0 0 4000
0 0 0 4000
0 0 0 4000
0 0 0 4000
0 0 0 4000
0 0 0 4000
0 0 0 4000
0 0 0 4000
0 0 0 4000
0 0 0 4000
0 0 0 4000
0 0 0 4000
0 0 0 4000
0 0 0 4000
0 0 0 4000
0 0 0 4000
0 0 0 4000
0 0 0 4000
0 0 0 4000
0 0 0 4000
0 0 0 4000
0 0 0 4000
0 0 0 4000
0 0 0 4000
0 0 0 4000
0 0 0 4000
0 0 0 4000
0 0 0 4000
0 0 0 4000
0 0 0 4000
0 0 0 4000
0 0 0 4000
0 0 0 4000
0 0 0 4000
0 0 0 4000
0 0 0 4000
0 0 0 4000
0 0 0 4000
0 0 0 4000
0 0 0 4000
0 0 0 4000
0 0 0 4000
0 0 0 4000
0 0 0 4000
0 0 0 4000
0 0 0 4000
0 0 0 4000
0 0 0 4000
0 0 0 4000
0 0 0 4000
0 0 0 4000
0 0 0 4000
0 0 0 4000
0 0 0 4000
0 0 0 4000
0 0 0 4000
0 0 0 4000
0 0 0 4000
0 0 0 4000
0 0 0 4000
0 0 0 4000
0 0 0 4000
0 0 0 4000
0 0 0 4000
0 0 0 4000
0 0 0 4000
0 0 0 4000
0 0 0 4000
0 0 0 4000
0 0 0 4000
0 0 0 4000
0 0 0 4000
0 0 0 4000
0 0 0 4000
0 0 0 4000
0 0 0 4000
0 0 0 4000
0 0 0 4000
0 0 0 4000
0 0 0 4000
0 0 0 4000
0 0 0 4000
0 0 0 4000
0 0 0 4000
0 0 0 4000
0 0 0 4000
0 0 0 4000
0 0 0 4000
0 0 0 4000
0 0 0 4000
0 0 0 4000
0 0 0 4000
0 0 0 4000
0 0 0 4000
0 0 0 4000
0 0 0 4000
0 0 0 4000
0 0 0 4000
0 0 0 4000
0 0 0 4000
0 0 0 4000
0 0 0 4000
0 0 0 4000
0 0 0 4000
0 0 0 4000
0 0 0 4000
0 0 0 4000
0 0 0 4000
0 0 0 4000
0 0 0 4000
0 0 0 4000
0 0 0 4000
0 0 0 4000
0 0 0 4000
0 0 0 4000
0 0 2 4000
0 0 2 4070
0 0 3 4100
0 0 1 4165
0 0 0 4140
0 0 0 4120
0 0 0 4120
0 0 0 4120
0 0 0 4120
0 0 0 4120
0 0 0 4120
0 0 0 4120
0 0 0 4120
0 0 0 4120
0 0 0 4120
0 0 0 4120
0 0 0 4120
0 0 0 4120
0 0 0 4120
0 0 0 4120
0 0 0 4120
0 0 0 4120
0 0 0 4120
0 0 0 4120
0 0 0 4120
0 0 0 4120
0 0 0 4120
0 0 0 4120
0 0 0 4120
0 0 0 4120
0 0 0 4120
0 0 0 4120
0 0 0 4120
0 0 0 4120
0 0 0 4120
0 0 0 4120
0 0 0 4120
0 0 0 4120
0 0 0 4120
0 0 0 4120
0 0 0 4120
0 0 0 4120
0 0 0 4120
0 0 0 4120
0 0 0 4120
0 0 0 4120
0 0 0 4120
0 0 0 4120
0 0 0 4120
0 0 0 4120
0 0 0 4120
0 0 0 4120
0 0 0 4120
0 0 0 4120
0 0 0 4120
0 0 0 4120
0 0 0 4120
0 0 0 4120
0 0 0 4120
1 0 0 4120
0 0 0 4120
1 0 0 4120
0 0 0 4120
0 0 0 4120
0 0 0 4120
0 0 0 4120
0 0 0 4120
0 0 0 4120
0 0 0 4120
0 0 0 4120
0 0 0 4120
0 0 0 4120
0 0 0 4120
0 0 0 4120
0 0 0 4120
0 0 0 4120
0 0 0 4120
0 0 0 4120
0 0 0 4120
0 0 0 4120
0 0 0 4120
0 0 0 4120
0 0 0 4120
0 0 0 4120
0 0 0 4120
0 0 0 4120
0 0 0 4120
0 0 0 4120
0 0 0 4120
0 0 0 4120
0 0 0 4120
0 0 0 4120
0 0 0 4120
0 0 0 4120
0 0 0 4120
0 0 0 4120
0 0 0 4120
0 0 0 4120
0 0 0 4120
0 0 0 4120
0 0 0 4120
0 0 0 4120
0 0 0 4120
0 0 0 4120
0 0 0 4120
0 0 0 4120
0 0 0 4120
0 0 0 4120
0 0 0 4120
0 0 0 4120
0 0 0 4120
0 0 0 4120
0 0 0 4120
0 0 0 4120
0 0 0 4120
0 0 0 4120
0 0 0 4120
0 0 0 4120
0 0 0 4120
0 0 0 4120
0 0 0 4120
0 0 0 4120
0 0 0 4120
0 0 0 4120
0 0 0 4120
0 0 1 4120
0 0 3 4155
0 0 6 4240
0 0 8 4390
0 0 8 4550
0 0 8 4670
0 1 8 4790
0 1 8 4875
0 0 8 4980
0 0 8 5120
0 0 8 5240
0 1 8 5360
1 4 8 5445
4 6 8 5445
4 8 8 5435
6 9 8 5395
3 10 8 5360
3 8 8 5310
6 8 8 5350
6 7 8 5350
7 9 8 5385
3 9 8 5330
1 9 5 5210
0 5 1 5010
0 3 0 4995
0 0 0 4990
0 0 0 5050
0 0 0 5050
0 0 0 5050
0 0 0 5050
0 0 0 5050
0 0 0 5050
0 0 0 5050
0 0 0 5050
0 1 0 5050
0 0 0 5015
0 0 0 5035
0 0 0 5035
0 0 0 5035
0 1 0 5035
0 9 0 5000
0 12 0 4705
0 13 0 4465
0 9 0 4250
0 2 0 4195
0 0 0 4305
0 0 0 4345
0 0 0 4345
0 0 0 4345
0 0 0 4345
0 0 0 4345
0 0 0 4345
0 0 0 4345
0 0 0 4345
0 0 0 4345
0 0 0 4345
0 0 0 4345
0 0 1 4345
0 0 2 4380
0 0 0 4390
0 0 0 4390
0 0 1 4425
0 0 3 4510
0 0 4 4590
0 0 2 4580
0 0 2 4610
0 0 1 4605
0 0 1 4620
0 0 3 4705
0 0 4 4785
0 0 4 4845
0 0 4 4905
0 1 3 4930
1 1 4 4975
2 1 3 4985
2 3 2 4980
2 3 1 4890
4 3 0 4825
3 4 0 4780
3 3 0 4700
3 3 0 4675
3 3 0 4630
2 2 1 4585
2 1 1 4610
0 1 1 4630
0 0 1 4630
0 0 0 4630
0 0 0 4630
0 0 0 4630
0 0 0 4630
0 0 1 4630
0 0 0 4665
0 0 0 4645
0 0 0 4645
0 0 1 4645
0 0 0 4680
0 0 2 4660
0 0 0 4730
0 0 0 4690
0 3 2 4690
0 5 0 4655
0 4 0 4500
0 3 0 4460
0 0 0 4435
0 0 0 4495
0 0 0 4495
0 0 0 4495
0 0 0 4495
0 0 0 4495
0 0 0 4495
0 0 0 4495
0 0 0 4495
0 0 0 4495
0 0 0 4495
0 0 0 4495
0 0 0 4495
0 0 0 4495
0 0 0 4495
0 0 0 4495
0 0 0 4495
0 0 0 4495
0 0 0 4495
0 0 0 4495
0 0 0 4495
0 0 0 4495
0 0 0 4495
0 0 0 4495
0 0 0 4495
0 0 0 4495
0 0 0 4495
0 0 0 4495
0 0 0 4495
0 0 0 4495
0 0 0 4495
0 0 0 4495
0 0 0 4495
0 0 0 4495
0 0 0 4495
0 0 0 4495
0 0 0 4495
0 0 0 4495
0 0 0 4495
0 0 0 4495
0 0 0 4495
0 0 0 4495
0 0 0 4495
0 0 0 4495
0 0 0 4495
0 0 0 4495
0 0 0 4495
0 0 0 4495
0 0 0 4495
0 0 0 4495
0 0 0 4495
0 0 0 4495
0 0 0 4495
0 0 0 4495
0 0 0 4495
0 0 0 4495
0 0 0 4495
0 0 0 4495
0 0 0 4495
0 0 0 4495
0 0 0 4495
0 0 0 4495
0 0 0 4495
0 0 0 4495
0 0 0 4495
0 0 0 4495
0 0 0 4495
0 0 0 4495
0 0 0 4495
0 0 0 4495
0 0 0 4495
0 0 0 4495
0 0 0 4495
0 0 0 4495
0 0 0 4495
0 0 0 4495
0 0 0 4495
0 0 0 4495
0 0 0 4495
0 0 0 4495
0 0 0 4495
0 0 0 4495
0 0 0 4495
0 0 0 4495
0 0 0 4495
0 0 0 4495
0 0 0 4495
0 0 0 4495
0 0 0 4495
0 0 0 4495
0 0 0 4495
0 0 0 4495
0 0 0 4495
0 0 0 4495
0 0 28 5475
0 4 26 5825
2 7 25 6040
3 13 28 6355
5 17 28 6460
6 20 28 6545
7 20 28 6605
9 22 28 6725
10 18 28 6775
12 19 28 7005
13 23 28 7120
14 25 28 7115
15 26 28 7120
18 26 28 7130
18 27 28 7160
19 25 28 7155
21 26 29 7275
21 25 30 7335
23 26 24 7220
22 27 9 7170
18 25 1 6580
13 22 1 6100
11 19 0 5845
8 15 0 5600
8 11 0 5455
0 14 0 5370
1 19 0 5100
2 10 0 4715
1 3 0 4745
0 0 0 4840
0 0 0 4900
0 1 0 4900
0 0 0 4865
0 0 0 4885
0 0 0 4885
0 0 0 4885
0 0 0 4885
0 0 0 4885
0 0 0 4885
0 0 0 4885
0 0 0 4885
0 0 0 4885
0 0 0 4885
0 0 0 4885
0 0 0 4885
0 0 0 4885
0 0 0 4885
0 0 0 4885
0 0 0 4885
0 0 0 4885
0 0 0 4885
0 0 0 4885
0 0 0 4885
0 0 0 4885
0 0 0 4885
0 0 0 4885
0 0 0 4885
0 0 0 4885
0 0 0 4885
0 0 0 4885
0 0 0 4885
0 0 0 4885
0 0 0 4885
0 0 0 4885
0 0 0 4885
0 0 0 4885
0 0 0 4885
0 0 0 4885
0 0 0 4885
0 0 0 4885
0 0 0 4885
0 0 0 4885
0 0 0 4885
0 0 0 4885
0 0 0 4885
0 0 0 4885
0 0 0 4885
0 0 0 4885
0 0 0 4885
0 0 0 4885
0 0 0 4885
0 0 0 4885
0 0 0 4885
0 0 0 4885
0 0 0 4885
0 0 0 4885
0 0 0 4885
0 0 0 4885
0 0 0 4885
0 0 0 4885
0 0 0 4885
0 0 0 4885
0 0 0 4885
0 0 0 4885
0 0 0 4885
0 0 0 4885
0 0 0 4885
0 0 0 4885
0 0 0 4885
0 0 0 4885
0 0 0 4885
0 0 0 4885
0 0 0 4885
0 0 0 4885
0 0 0 4885
0 0 0 4885
0 0 0 4885
0 0 0 4885
0 0 0 4885
0 0 0 4885
0 0 0 4885
0 0 0 4885
0 0 0 4885
0 0 0 4885
0 0 0 4885
0 0 0 4885
0 0 0 4885
0 0 0 4885
0 0 0 4885
0 0 0 4885
0 0 0 4885
0 0 0 4885
0 0 0 4885
0 0 0 4885
0 0 0 4885
0 0 0 4885
0 0 0 4885
0 0 0 4885
0 0 0 4885
0 0 0 4885
0 0 0 4885
0 0 0 4885
0 0 0 4885
0 0 0 4885
0 0 0 4885
0 0 0 4885
0 0 0 4885
0 0 0 4885
0 0 0 4885
0 0 0 4885
0 0 0 4885
0 0 0 4885
0 0 0 4885
0 0 0 4885
0 0 0 4885
0 0 0 4885
0 0 0 4885
0 0 0 4885
0 0 0 4885
0 0 0 4885
0 0 0 4885
0 0 0 4885
0 0 0 4885
0 0 0 4885
0 0 0 4885
0 0 0 4885
0 0 0 4885
0 0 0 4885
0 0 0 4885
0 0 0 4885
0 0 0 4885
0 0 0 4885
0 0 0 4885
0 0 0 4885
0 0 0 4885
0 0 0 4885
1 0 0 4885
0 0 0 4885
1 0 0 4885
0 0 0 4885
0 0 0 4885
0 0 0 4885
0 0 0 4885
0 0 0 4885
0 0 0 4885
0 0 0 4885
0 0 0 4885
0 0 0 4885
0 0 0 4885
0 0 0 4885
0 0 0 4885
0 0 0 4885
0 0 0 4885
0 0 0 4885
0 0 0 4885
0 0 0 4885
0 0 0 4885
0 0 0 4885
0 0 0 4885
0 0 0 4885
0 0 0 4885
0 0 0 4885
0 0 0 4885
0 0 0 4885
0 0 0 4885
0 0 0 4885
0 0 0 4885
0 0 0 4885
0 0 0 4885
0 0 0 4885
0 0 0 4885
0 0 0 4885
0 0 0 4885
0 0 0 4885
0 0 0 4885
0 0 0 4885
0 0 0 4885
0 0 0 4885
0 0 0 4885
0 0 0 4885
0 0 0 4885
0 0 0 4885
0 0 0 4885
0 0 0 4885
0 0 0 4885
0 0 0 4885
0 0 0 4885
0 0 0 4885
0 0 0 4885
0 0 0 4885
0 0 0 4885
0 0 0 4885
0 0 0 4885
0 0 0 4885
0 0 0 4885
0 0 0 4885
0 0 0 4885
0 0 0 4885
0 0 0 4885
0 0 0 4885
0 0 0 4885
0 0 0 4885
0 0 0 4885
0 0 0 4885
0 0 0 4885
0 0 0 4885
0 0 0 4885
0 0 0 4885
0 0 0 4885
0 0 0 4885
0 0 0 4885
0 0 0 4885
0 0 0 4885
0 0 0 4885
0 0 0 4885
0 1 0 4885
0 1 0 4885
2 1 0 4885
1 1 0 4815
2 2 0 4820
2 2 0 4770
2 3 0 4740
2 2 0 4710
2 2 0 4680
2 2 0 4650
1 1 0 4620
1 1 0 4625
1 0 0 4610
0 1 0 4595
0 0 0 4615
0 0 0 4615
0 0 0 4615
0 0 0 4615
0 0 0 4615
0 0 0 4615
0 0 0 4615
0 0 0 4615
0 0 0 4615
0 0 0 4615
0 0 0 4615
0 0 0 4615
0 0 0 4615
0 0 0 4615
0 0 0 4615
0 0 0 4615
0 0 0 4615
0 0 0 4615
0 0 0 4615
0 0 0 4615
0 0 0 4615
0 0 0 4615
0 0 0 4615
0 0 0 4615
0 0 0 4615
0 0 0 4615
0 0 0 4615
0 0 0 4615
0 0 0 4615
0 0 0 4615
0 0 0 4615
0 0 0 4615
0 0 0 4615
0 0 0 4615
0 0 0 4615
0 0 0 4615
0 0 0 4615
0 0 0 4615
0 0 0 4615
0 0 0 4615
0 0 0 4615
0 0 0 4615
0 0 0 4615
0 0 0 4615
0 0 0 4615
0 0 0 4615
0 0 0 4615
0 0 0 4615
0 0 0 4615
0 0 0 4615
0 0 0 4615
0 0 0 4615
0 0 0 4615
0 0 0 4615
0 0 0 4615
0 0 0 4615
0 0 0 4615
0 0 0 4615
0 0 0 4615
0 0 0 4615
0 0 0 4615
0 0 0 4615
0 0 0 4615
0 0 0 4615
0 0 0 4615
0 0 0 4615
0 0 0 4615
0 0 0 4615
0 0 0 4615
0 0 0 4615
0 0 0 4615
0 2 0 4615
0 3 0 4615
0 3 0 4300
1 1 0 4165
0 0 0 4310
0 0 0 4330
0 0 0 4330
0 0 0 4330
1 0 0 4330
2 0 0 4295
3 0 0 4245
2 0 0 4180
2 0 0 4170
1 0 0 4140
2 0 0 4145
0 0 0 4095
0 0 0 4135
0 0 0 4135
0 0 0 4135
0 0 0 4135
0 0 0 4135
0 0 0 4135
0 0 0 4135
0 0 0 4135
0 0 0 4135
0 0 0 4135
0 0 0 4135
0 0 0 4135
0 0 0 4135
0 0 0 4135
0 0 0 4135
0 0 0 4135
0 0 0 4135
0 0 0 4135
0 0 0 4135
0 0 0 4135
0 0 1 4170
0 0 0 4150
0 0 0 4150
0 0 0 4150
0 0 0 4150
0 0 0 4150
0 0 0 4150
0 0 0 4150
0 0 0 4150
0 0 0 4150
0 0 0 4150
0 0 0 4150
0 0 0 4150
0 0 0 4150
0 0 0 4150
0 0 0 4150
0 0 0 4150
0 0 0 4150
0 0 0 4150
0 0 0 4150
0 0 0 4150
0 0 0 4150
0 0 0 4150
0 0 0 4150
0 0 0 4150
0 0 0 4150
0 0 0 4150
0 0 0 4150
0 0 0 4150
0 0 0 4150
0 0 0 4150
0 0 0 4150
0 0 0 4150
0 0 0 4150
0 0 0 4150
0 0 0 4150
0 0 0 4150
0 0 0 4150
0 0 0 4150
0 0 4 4290
0 0 30 5260
0 1 30 5710
0 3 28 6090
2 13 30 6265
4 16 28 5600
6 17 28 5320
6 12 28 5175
8 9 29 5570
9 9 28 6205
9 11 28 6450
10 18 28 6735
12 18 28 6145
12 17 28 6195
14 18 28 6270
15 19 28 6320
15 18 28 6315
17 20 28 6435
18 20 28 6425
19 21 28 6735
19 21 28 6850
19 21 28 6985
12 13 28 7120
8 4 28 7500
4 2 28 7880
0 0 28 8000
0 0 28 8000
1 0 28 8000
0 0 28 8000
0 0 28 8000
0 0 28 8000
0 0 28 8000
0 0 28 8000
0 0 28 8000
0 0 28 8000
0 0 28 8000
0 0 28 8000
1 0 28 8000
0 0 28 8000
0 0 28 8000
0 0 28 8000
0 10 28 8000
0 34 28 8000
0 52 28 8000
0 59 28 8000
0 60 27 6220
0 61 27 4000
0 55 19 4000
0 41 10 4000
0 27 4 4000
0 19 0 4000
0 10 0 4000
0 2 1 4000
0 0 0 4035
0 0 0 4015
0 0 0 4015
0 0 0 4015
0 0 0 4015
0 0 0 4015
0 0 0 4015
0 0 0 4015
0 0 0 4015
0 0 0 4015
0 0 0 4015
0 0 0 4015
0 0 0 4015
0 0 0 4015
0 0 0 4015
0 0 0 4015
0 0 0 4015
0 0 0 4015
0 0 0 4015
0 0 0 4015
0 0 0 4015
0 0 0 4015
0 0 0 4015
0 0 0 4015
0 0 0 4015
0 0 0 4015
0 0 0 4015
0 0 0 4015
0 0 0 4015
0 0 0 4015
0 0 0 4015
0 0 0 4015
0 0 0 4015
0 0 0 4015
0 0 0 4015
0 0 0 4015
0 0 0 4015
0 0 0 4015
0 0 0 4015
0 0 0 4015
0 0 0 4015
0 0 0 4015
0 0 0 4015
0 0 0 4015
0 0 0 4015
0 0 0 4015
0 0 0 4015
0 0 0 4015
0 0 0 4015
0 0 0 4015
0 0 0 4015
0 0 0 4015
0 0 0 4015
0 0 0 4015
0 0 0 4015
0 0 0 4015
0 0 0 4015
0 0 0 4015
0 0 0 4015
0 0 0 4015
0 0 0 4015
0 0 0 4015
0 0 0 4015
0 0 0 4015
0 0 0 4015
0 0 0 4015
0 0 0 4015
0 0 0 4015
0 0 0 4015
0 0 0 4015
0 0 30 5065
0 1 30 5515
0 3 28 5965
2 8 28 6030
4 14 28 5930
4 15 28 5560
7 15 27 5330
8 12 28 5425
9 10 27 5730
9 11 27 6220
11 14 28 6525
12 18 27 6390
13 19 27 6145
15 20 27 6065
16 18 28 6040
16 19 27 6520
17 19 27 6350
18 21 27 6660
18 22 27 6460
19 22 28 6355
20 23 28 6415
20 24 28 6380
15 17 28 6260
10 5 28 6795
8 0 28 7165
7 0 28 7505
4 0 28 7840
5 0 28 8000
3 0 28 8000
3 0 28 8000
2 0 28 8000
1 0 28 8000
0 0 28 8000
0 0 28 8000
0 0 28 8000
0 0 28 8000
0 0 28 8000
0 0 28 8000
0 0 28 8000
0 0 28 8000
0 0 28 8000
0 0 28 8000
0 0 28 8000
0 0 28 8000
0 0 28 8000
0 0 28 8000
0 0 28 8000
0 0 28 8000
0 0 28 8000
0 0 28 8000
0 0 28 8000
0 0 28 8000
0 0 28 8000
0 0 28 8000
0 0 28 8000
0 0 28 8000
0 0 28 8000
0 0 28 8000
0 0 0 8000
0 3 0 8000
0 24 0 8000
0 45 0 8000
0 56 0 8000
0 60 0 8000
0 60 0 6940
0 60 0 4240
0 60 0 4000
0 54 0 4000
0 24 0 4000
0 15 0 4000
0 7 0 4000
0 0 0 4000
0 0 0 4000
0 0 0 4000
0 0 0 4000
0 0 0 4000
0 0 0 4000
0 0 0 4000
0 0 0 4000
0 0 0 4000
0 0 0 4000
0 0 0 4000
0 0 0 4000
0 0 0 4000
0 0 0 4000
0 0 0 4000
0 0 0 4000
0 0 0 4000
0 0 0 4000
0 0 0 4000
0 0 0 4000
0 0 0 4000
0 0 0 4000
0 0 0 4000
0 0 0 4000
0 0 0 4000
0 0 0 4000
0 0 0 4000
0 0 0 4000
0 0 0 4000
0 0 0 4000
0 0 0 4000
0 0 0 4000
0 0 0 4000
0 0 0 4000
0 0 0 4000
0 0 0 4000
0 0 0 4000
0 0 0 4000
0 0 0 4000
0 0 0 4000
0 0 0 4000
0 0 0 4000
0 0 0 4000
0 0 0 4000
0 0 0 4000
0 0 0 4000
0 0 0 4000
0 0 0 4000
0 0 0 4000
0 0 0 4000
0 0 0 4000
0 0 0 4000
0 0 0 4000
0 0 0 4000
0 0 0 4000
0 0 0 4000
0 0 0 4000
0 0 0 4000
0 0 0 4000
0 0 0 4000
0 0 0 4000
0 0 0 4000
0 0 0 4000
0 0 0 4000
0 0 0 4000
0 0 0 4000
0 0 0 4000
0 0 0 4000
0 0 0 4000
0 0 0 4000
0 0 0 4000
0 0 0 4000
0 0 0 4000
0 0 0 4000
0 0 0 4000
0 0 0 4000
0 0 0 4000
0 0 0 4000
0 0 0 4000
0 0 0 4000
0 0 0 4000
0 0 0 4000
0 0 0 4000
0 0 1 4000
0 0 27 4035
0 0 27 4960
0 1 30 5365
0 1 28 5840
1 6 30 6205
4 13 27 6505
5 15 27 6515
6 19 28 6655
8 19 27 6730
10 19 27 6830
10 17 27 6950
0 0 0 0
0 0 0 0
0 0 0 0
0 0 0 0
0 0 0 0
0 0 0 0
0 0 0 0
0 0 0 0
0 0 0 0
0 0 0 0
0 0 0 0
0 0 0 0
0 0 0 0
0 0 0 0
0 0 0 0
0 0 0 0
0 0 0 0
0 0 0 0
0 0 0 0
0 0 0 0
0 0 0 0
0 0 0 0
0 0 0 0
0 0 0 0
0 0 0 0
0 0 0 0
0 0 0 0
0 0 0 0
0 0 0 0
0 0 0 0
0 0 0 0
0 0 0 0
0 0 0 0
0 0 0 0
0 0 0 0
0 0 0 0
0 0 0 0
0 0 0 0
0 0 0 0
0 0 0 0
0 0 0 0
0 0 0 0
0 0 0 0
0 0 0 0
0 0 0 0
0 0 0 0
0 0 0 0
0 0 0 0
0 0 0 0
0 0 0 0
0 0 0 0
0 0 0 0
0 0 0 0
0 0 0 0
0 0 0 0
0 0 0 0
0 0 0 0
0 0 0 0
0 0 0 0
0 0 0 0
255 255 255 65535
255 255 255 65535
255 255 255 65535
255 255 255 65535
255 255 255 65535
255 255 255 65535
255 255 255 65535
255 255 255 65535
255 255 255 65535
255 255 255 65535
255 255 255 65535
255 255 255 65535
255 255 255 65535
255 255 255 65535
255 255 255 65535
255 255 255 65535
255 255 255 65535
255 255 255 65535
255 255 255 65535
255 255 255 65535
255 255 255 65535
255 255 255 65535
255 255 255 65535
255 255 255 65535
255 255 255 65535
255 255 255 65535
255 255 255 65535
255 255 255 65535
255 255 255 65535
255 255 255 65535
255 255 255 65535
255 255 255 65535
255 255 255 65535
255 255 255 65535
255 255 255 65535
255 255 255 65535
255 255 255 65535
255 255 255 65535
255 255 255 65535
255 255 255 65535
255 255 255 65535
255 255 255 65535
255 255 255 65535
255 255 255 65535
255 255 255 65535
255 255 255 65535
255 255 255 65535
255 255 255 65535
255 255 255 65535
255 255 255 65535
255 255 255 65535
255 255 255 65535
255 255 255 65535
255 255 255 65535
255 255 255 65535
255 255 255 65535
255 255 255 65535
255 255 255 65535
255 255 255 65535
255 255 255 65535
255 255 255 65535
255 255 255 65535
255 255 255 65535
255 255 255 65535
255 255 255 65535
255 255 255 65535
255 255 255 65535
255 255 255 65535
255 255 255 65535
255 255 255 65535
255 255 255 65535
255 255 255 65535
255 255 255 65535
255 255 255 65535
255 255 255 65535
255 255 255 65535
255 255 255 65535
255 255 255 65535
255 255 255 65535
255 255 255 65535
255 255 255 65535
255 255 255 65535
255 255 255 65535
255 255 255 65535
255 255 255 65535
255 255 255 65535
255 255 255 65535
255 255 255 65535
255 255 255 65535
255 255 255 65535
255 255 255 65535
255 255 255 65535
255 255 255 65535
255 255 255 65535
255 255 255 65535
255 255 255 65535
255 255 255 65535
255 255 255 65535
255 255 255 65535
255 255 255 65535
255 255 255 65535
255 255 255 65535
255 255 255 65535
255 255 255 65535
255 255 255 65535
255 255 255 65535
255 255 255 65535
255 255 255 65535
255 255 255 65535
255 255 255 65535
255 255 255 65535
255 255 255 65535
255 255 255 65535
255 255 255 65535
255 255 255 65535
255 255 255 65535
255 255 255 65535
255 255 255 65535
255 255 255 65535
255 255 255 65535
255 255 255 65535
255 255 255 65535
255 255 255 65535
255 255 255 65535
255 255 255 65535
255 255 255 65535
255 255 255 65535
255 255 255 65535
255 255 255 65535
255 255 255 65535
255 255 255 65535
255 255 255 65535
255 255 255 65535
255 255 255 65535
255 255 255 65535
255 255 255 65535
255 255 255 65535
255 255 255 65535
255 255 255 65535
255 255 255 65535
255 255 255 65535
255 255 255 65535
255 255 255 65535
255 255 255 65535
255 255 255 65535
255 255 255 65535
255 255 255 65535
255 255 255 65535
255 255 255 65535
255 255 255 65535
255 255 255 65535
255 255 255 65535
255 255 255 65535
255 255 255 65535
255 255 255 65535
255 255 255 65535
255 255 255 65535
255 255 255 65535
255 255 255 65535
255 255 255 65535
255 255 255 65535
255 255 255 65535
255 255 255 65535
255 255 255 65535
255 255 255 65535
255 255 255 65535
255 255 255 65535
255 255 255 65535
255 255 255 65535
255 255 255 65535
255 255 255 65535
255 255 255 65535
255 255 255 65535
255 255 255 65535
255 255 255 65535
255 255 255 65535
255 255 255 65535
255 255 255 65535
255 255 255 65535
255 255 255 65535
255 255 255 65535
255 255 255 65535
255 255 255 65535
255 255 255 65535
255 255 255 65535
255 255 255 65535
255 255 255 65535
255 255 255 65535
255 255 255 65535
255 255 255 65535
255 255 255 65535
255 255 255 65535
255 255 255 65535
255 255 255 65535
255 255 255 65535
255 255 255 65535
255 255 255 65535
255 255 255 65535
255 255 255 65535
255 255 255 65535
255 255 255 65535
255 255 255 65535
255 255 255 65535
255 255 255 65535
255 255 255 65535
255 255 255 65535
255 255 255 65535
255 255 255 65535
255 255 255 65535
255 255 255 65535
255 255 255 65535
255 255 255 65535
255 255 255 65535
255 255 255 65535
255 255 255 65535
255 255 255 65535
255 255 255 65535
255 255 255 65535
255 255 255 65535
255 255 255 65535
255 255 255 65535
255 255 255 65535
255 255 255 65535
255 255 255 65535
255 255 255 65535
255 255 255 65535
255 255 255 65535
255 255 255 65535
255 255 255 65535
255 255 255 65535
255 255 255 65535
255 255 255 65535
255 255 255 65535
255 255 255 65535
255 255 255 65535
255 255 255 65535
255 255 255 65535
255 255 255 65535
255 255 255 65535
255 255 255 65535
255 255 255 65535
255 255 255 65535
255 255 255 65535
255 255 255 65535
255 255 255 65535
255 255 255 65535
255 255 255 65535
255 255 255 65535
255 255 255 65535
255 255 255 65535
255 255 255 65535
255 255 255 65535
255 255 255 65535
255 255 255 65535
255 255 255 65535
255 255 255 65535
255 255 255 65535
255 255 255 65535
255 255 255 65535
255 255 255 65535
255 255 255 65535
255 255 255 65535
255 255 255 65535
255 255 255 65535
255 255 255 65535
255 255 255 65535
255 255 255 65535
255 255 255 65535
255 255 255 65535
255 255 255 65535
255 255 255 65535
255 255 255 65535
255 255 255 65535
255 255 255 65535
255 255 255 65535
255 255 255 65535
255 255 255 65535
255 255 255 65535
255 255 255 65535
255 255 255 65535
255 255 255 65535
255 255 255 65535
255 255 255 65535
255 255 255 65535
255 255 255 65535
255 255 255 65535
255 255 255 65535
255 255 255 65535
255 255 255 65535
255 255 255 65535
255 255 255 65535
255 255 255 65535
255 255 255 65535
255 255 255 65535
255 255 255 65535
255 255 255 65535
